00025 47 3
00028 105 3
00108 52 3
00123 66 3
00137 60 3
00152 78 3
00153 64 3
00210 74 3
00244 113 3
00262 84 3
00264 86 3
00275 81 3
00340 73 3
00344 99 3
00363 97 3
00377 133 3
00397 64 3
00406 94 3
00407 78 3
00410 198 3
00411 171 3
00447 214 3
00453 196 3
00469 108 3
00470 75 3
00498 151 3
00516 138 3
00519 79 3
00556 56 3
00570 52 3
00571 54 3
00573 56 3
00575 52 3
00584 51 3
00585 79 3
00602 36 3
00603 52 3
00604 66 3
00624 62 3
00629 55 3
00630 58 3
00670 83 3
00676 70 3
00685 31 3
00686 79 3
00687 51 3
00738 57 3
00771 186 3
00772 56 3
00786 73 3
00812 63 3
00837 54 3
00850 61 3
00858 57 3
00887 131 3
00902 70 3
00903 59 3
00912 54 3
00916 50 3
00955 58 3
00981 108 3
00989 41 3
01001 78 3
01019 54 3
01041 60 3
01043 60 3
01059 61 3
01070 55 3
01071 61 3
01089 81 3
01101 52 3
01118 115 3
01130 99 3
01136 65 3
01139 70 3
01146 56 3
01158 65 3
01162 66 3
01166 126 3
01175 75 3
01190 101 3
01192 72 3
01203 61 3
01207 80 3
01209 57 3
01213 59 3
01214 130 3
01218 77 3
01260 99 3
01281 139 3
01294 67 3
01297 76 3
01302 56 3
01303 64 3
01335 41 3
01336 51 3
01347 110 3
01359 58 3
01369 39 3
01390 51 3
01391 60 3
01398 72 3
01399 84 3
01403 55 3
01409 66 3
01454 69 3
01455 73 3
01456 51 3
01457 66 3
01460 78 3
01479 54 3
01495 62 3
01497 97 3
01611 135 3
01613 55 3
01667 84 3
01694 72 3
01695 156 3
01729 103 3
01736 88 3
01742 76 3
01765 96 3
01768 125 3
01775 141 3
01785 162 3
01786 117 3
01790 124 3
01791 55 3
01792 84 3
01827 66 3
01828 127 3
01837 115 3
01868 72 3
01884 82 3
01890 69 3
01934 72 3
01959 79 3
01970 75 3
01988 66 3
01990 42 3
01997 73 3
02031 114 3
02044 72 3
02060 65 3
02085 61 3
02092 75 3
02101 60 3
02115 82 3
02125 83 3
02222 90 3
02223 70 3
02229 64 3
02232 55 3
02236 150 3
02253 91 3
02254 65 3
02269 58 3
02278 56 3
02310 138 3
02327 181 3
02358 76 3
02383 53 3
02403 67 3
02410 62 3
02451 102 3
02475 70 3
02492 74 3
02504 53 3
02508 83 3
02517 64 3
02529 90 3
02535 82 3
02558 223 3
02563 54 3
02564 58 3
02572 55 3
02574 51 3
02575 93 3
02579 107 3
02581 76 3
02591 35 3
02596 67 3
02616 80 3
02633 118 3
02634 63 3
02645 174 3
02661 74 3
02662 54 3
02672 61 3
02684 52 3
02698 55 3
02701 273 3
02704 97 3
02715 78 3
02722 118 3
02728 98 3
02738 107 3
02749 57 3
02756 60 3
02757 58 3
02771 62 3
02779 55 3
02786 223 3
02798 60 3
02820 136 3
02850 72 3
02853 62 3
02854 120 3
02861 63 3
02895 71 3
02898 58 3
02909 58 3
02920 62 3
02929 53 3
02939 64 3
02942 53 3
02944 52 3
02988 55 3
02998 60 3
03008 54 3
03013 70 3
03061 241 3
03081 61 3
03103 73 3
03177 57 3
03178 68 3
03185 40 3
03189 54 3
03191 66 3
03192 77 3
03195 53 3
03205 160 3
03208 102 3
03220 52 3
03221 84 3
03222 67 3
03252 213 3
03282 100 3
03309 109 3
03316 43 3
03320 89 3
03340 59 3
03346 124 3
03348 136 3
03358 56 3
03366 76 3
03374 58 3
03376 105 3
03380 79 3
03385 81 3
03386 97 3
03388 66 3
03402 54 3
03416 97 3
03418 80 3
03419 59 3
03422 61 3
03444 82 3
03473 85 3
03474 53 3
03477 63 3
03480 54 3
03483 128 3
03485 90 3
03489 58 3
03503 66 3
03520 54 3
03543 83 3
03571 61 3
03622 55 3
03623 72 3
03636 53 3
03650 58 3
03659 59 3
03662 89 3
03725 86 3
03737 45 3
03742 80 3
00055 58 5
00059 104 5
00064 51 5
00099 53 5
00180 59 5
00235 118 5
00297 60 5
00339 84 5
00408 177 5
00456 126 5
00468 80 5
00489 203 5
00543 69 5
00580 56 5
00583 57 5
00596 131 5
00601 102 5
00647 66 5
00658 116 5
00662 63 5
00675 59 5
00710 60 5
00744 68 5
00925 51 5
00968 65 5
01029 52 5
01111 44 5
01129 54 5
01137 85 5
01232 67 5
01282 113 5
01283 81 5
01291 58 5
01350 52 5
01361 106 5
01362 152 5
01364 56 5
01370 72 5
01389 137 5
01401 68 5
01404 56 5
01462 80 5
01463 59 5
01473 66 5
01475 72 5
01487 51 5
01549 81 5
01551 51 5
01657 147 5
01677 87 5
01696 76 5
01773 70 5
01795 96 5
01849 79 5
01858 119 5
01893 58 5
01964 100 5
02012 82 5
02015 52 5
02016 104 5
02021 54 5
02075 55 5
02079 60 5
02099 57 5
02136 105 5
02137 53 5
02202 99 5
02248 88 5
02326 52 5
02393 72 5
02394 79 5
02408 88 5
02417 55 5
02435 70 5
02525 84 5
02652 36 5
02669 58 5
02679 52 5
02686 54 5
02826 55 5
02871 65 5
02882 67 5
02899 77 5
03022 58 5
03052 63 5
03079 87 5
03116 62 5
03186 61 5
03482 158 5
03587 73 5
03591 41 5
03709 55 5
03714 69 5
03779 79 5
03842 63 5
03924 81 5
03990 64 5
04305 57 5
04322 73 5
04330 72 5
04344 129 5
04349 97 5
04350 67 5
04386 58 5
04427 67 5
04434 98 5
04481 136 5
04484 81 5
04489 55 5
04528 60 5
04564 129 5
04587 71 5
04604 98 5
04626 65 5
04629 51 5
04639 143 5
04640 61 5
04687 122 5
04689 65 5
04778 125 5
04779 205 5
04780 85 5
04806 152 5
04812 75 5
04842 76 5
04847 168 5
04947 215 5
04974 99 5
00031 27 6
00070 62 6
00095 56 6
00138 180 6
00205 59 6
00213 69 6
00230 131 6
00231 104 6
00240 70 6
00254 96 6
00260 57 6
00276 59 6
00290 69 6
00303 51 6
00308 81 6
00311 95 6
00319 101 6
00368 98 6
00415 152 6
00420 129 6
00511 100 6
00512 138 6
00537 90 6
00546 95 6
00576 91 6
00617 65 6
00628 52 6
00633 70 6
00634 58 6
00639 63 6
00671 92 6
00695 60 6
00709 81 6
00711 52 6
00736 56 6
00759 72 6
00833 57 6
00840 68 6
00855 55 6
00905 58 6
00928 78 6
00979 64 6
01038 160 6
01045 79 6
01050 73 6
01077 80 6
01080 78 6
01093 104 6
01098 85 6
01188 57 6
01195 52 6
01238 88 6
01295 58 6
01326 54 6
01330 46 6
01471 141 6
01853 90 6
01889 85 6
01943 129 6
02058 47 6
02063 59 6
02086 70 6
02093 76 6
02130 74 6
02131 105 6
02182 55 6
02411 131 6
02468 81 6
02615 59 6
02629 49 6
02654 202 6
02743 71 6
02750 61 6
02761 61 6
02923 67 6
02930 114 6
02983 83 6
03056 54 6
03069 65 6
03175 54 6
03194 61 6
03227 87 6
03313 36 6
03410 151 6
03458 63 6
03475 59 6
03484 53 6
03521 75 6
03524 67 6
03603 52 6
03755 83 6
03756 73 6
03799 68 6
03912 75 6
03921 68 6
03986 88 6
03987 98 6
03988 131 6
04008 57 6
04074 81 6
04102 95 6
04104 83 6
04105 59 6
04109 89 6
04111 81 6
04165 64 6
04244 52 6
04277 62 6
04280 52 6
04289 64 6
04314 203 6
04336 70 6
04817 157 6
05880 94 6
05903 97 6
05914 89 6
05938 52 6
06833 67 6
06851 73 6
06941 97 6
06961 49 6
06980 77 6
06987 63 6
07010 80 6
07032 115 6
00024 55 0
00035 116 0
00040 74 0
00050 64 0
00056 53 0
00077 68 0
00081 90 0
00102 65 0
00121 65 0
00145 116 0
00163 82 0
00170 51 0
00192 57 0
00197 62 0
00206 127 0
00212 153 0
00219 113 0
00228 89 0
00229 186 0
00238 94 0
00247 79 0
00261 65 0
00284 65 0
00286 109 0
00291 61 0
00296 56 0
00313 68 0
00314 74 0
00315 65 0
00317 50 0
00318 37 0
00324 114 0
00328 85 0
00329 88 0
00330 104 0
00332 96 0
00335 69 0
00336 151 0
00337 64 0
00354 46 0
00355 101 0
00357 67 0
00358 52 0
00370 48 0
00372 88 0
00375 80 0
00380 84 0
00390 145 0
00393 132 0
00395 105 0
00396 201 0
00404 152 0
00428 149 0
00432 36 0
00434 102 0
00441 144 0
00452 72 0
00454 51 0
00455 96 0
00457 95 0
00465 98 0
00471 68 0
00477 80 0
00486 135 0
00497 80 0
00500 75 0
00502 85 0
00503 60 0
00505 74 0
00521 62 0
00525 62 0
00538 61 0
00541 63 0
00548 141 0
00550 59 0
00552 54 0
00560 64 0
00561 27 0
00562 60 0
00563 100 0
00588 62 0
00595 77 0
00599 76 0
00606 42 0
00619 61 0
00623 109 0
00631 72 0
00637 53 0
00660 65 0
00665 85 0
00673 85 0
00679 54 0
00680 62 0
00684 57 0
00689 100 0
00692 65 0
00724 58 0
00725 55 0
00726 43 0
00750 109 0
00774 58 0
00775 73 0
00778 82 0
00780 113 0
00781 57 0
00782 85 0
00790 126 0
00795 93 0
00796 103 0
00797 79 0
00798 71 0
00800 64 0
00802 80 0
00804 67 0
00805 63 0
00806 57 0
00813 104 0
00815 85 0
00821 158 0
00830 78 0
00831 68 0
00832 33 0
00845 133 0
00846 53 0
00847 40 0
00861 34 0
00863 71 0
00876 94 0
00913 79 0
00915 92 0
00929 53 0
00936 61 0
00953 51 0
00954 96 0
00961 58 0
01018 56 0
01021 40 0
01027 66 0
01035 122 0
01037 74 0
01058 51 0
01072 91 0
01074 63 0
01075 71 0
01081 62 0
01096 71 0
01099 55 0
01103 228 0
01115 52 0
01120 64 0
01122 100 0
01124 97 0
01125 52 0
01135 82 0
01140 52 0
01156 53 0
01159 51 0
01163 101 0
01171 74 0
01186 92 0
01191 117 0
01198 69 0
01201 58 0
01202 78 0
01205 62 0
01211 179 0
01220 101 0
01221 123 0
01229 67 0
01236 81 0
01241 58 0
01242 73 0
01245 54 0
01262 81 0
01266 51 0
01271 58 0
01274 54 0
01276 61 0
01277 93 0
01280 51 0
01286 70 0
01287 51 0
01289 113 0
01304 142 0
01309 58 0
01312 71 0
01322 62 0
01329 60 0
01332 55 0
01333 64 0
01338 93 0
01340 131 0
01341 52 0
01342 102 0
01345 41 0
01360 47 0
01375 67 0
01377 58 0
01378 76 0
01392 65 0
01394 55 0
01402 108 0
01419 80 0
01425 72 0
01426 53 0
01429 83 0
01434 45 0
01435 35 0
01440 57 0
01441 77 0
01445 46 0
01450 72 0
01451 66 0
01478 116 0
01484 76 0
01485 69 0
01486 137 0
01498 105 0
01511 86 0
01528 61 0
01534 51 0
01535 55 0
01556 169 0
01566 65 0
01570 198 0
01574 101 0
01584 54 0
01614 99 0
01618 194 0
01619 130 0
01620 152 0
01621 74 0
01624 155 0
01629 67 0
01633 70 0
01637 67 0
01641 132 0
01642 100 0
01653 106 0
01671 49 0
01680 125 0
01683 85 0
01710 58 0
01713 56 0
01717 90 0
01728 71 0
01731 59 0
01743 70 0
01744 66 0
00019 45 2
00020 116 2
00029 68 2
00034 62 2
00036 68 2
00037 53 2
00039 57 2
00068 89 2
00069 68 2
00073 53 2
00093 176 2
00094 67 2
00096 115 2
00098 66 2
00109 50 2
00117 109 2
00120 84 2
00122 56 2
00129 98 2
00130 75 2
00131 63 2
00136 52 2
00143 145 2
00144 53 2
00169 130 2
00179 68 2
00198 89 2
00209 85 2
00221 75 2
00227 61 2
00236 139 2
00237 115 2
00241 85 2
00248 179 2
00250 82 2
00251 95 2
00255 60 2
00257 55 2
00258 173 2
00259 64 2
00269 67 2
00279 100 2
00280 151 2
00289 66 2
00298 83 2
00304 63 2
00310 62 2
00320 81 2
00356 117 2
00373 102 2
00378 121 2
00379 51 2
00383 56 2
00403 55 2
00416 262 2
00421 197 2
00426 125 2
00429 132 2
00442 137 2
00450 234 2
00487 99 2
00514 71 2
00515 47 2
00524 106 2
00527 80 2
00528 59 2
00529 93 2
00534 67 2
00549 53 2
00555 283 2
00559 72 2
00569 59 2
00574 78 2
00579 88 2
00581 132 2
00586 91 2
00589 78 2
00593 52 2
00594 49 2
00613 60 2
00614 226 2
00615 55 2
00626 59 2
00638 98 2
00640 103 2
00641 87 2
00642 139 2
00644 67 2
00651 99 2
00657 72 2
00659 100 2
00674 83 2
00691 101 2
00694 61 2
00696 61 2
00698 76 2
00699 163 2
00703 52 2
00706 125 2
00712 52 2
00715 65 2
00717 93 2
00718 60 2
00723 63 2
00730 46 2
00732 88 2
00733 96 2
00734 73 2
00735 94 2
00739 65 2
00740 225 2
00747 95 2
00751 108 2
00752 60 2
00761 94 2
00765 103 2
00767 154 2
00768 82 2
00776 77 2
00787 58 2
00788 57 2
00789 64 2
00791 64 2
00794 52 2
00799 83 2
00801 64 2
00808 29 2
00816 71 2
00817 165 2
00823 84 2
00824 104 2
00827 58 2
00829 87 2
00838 59 2
00839 85 2
00841 117 2
00848 63 2
00853 103 2
00854 102 2
00859 52 2
00865 93 2
00867 80 2
00870 73 2
00871 176 2
00872 64 2
00875 97 2
00877 56 2
00878 67 2
00879 98 2
00880 55 2
00881 75 2
00882 65 2
00883 77 2
00885 65 2
00886 58 2
00888 73 2
00891 71 2
00892 166 2
00893 58 2
00896 54 2
00897 63 2
00900 58 2
00906 59 2
00910 112 2
00919 61 2
00920 81 2
00921 81 2
00924 136 2
00927 154 2
00935 120 2
00941 54 2
00943 118 2
00944 154 2
00949 99 2
00950 118 2
00957 105 2
00959 110 2
00963 63 2
00964 69 2
00967 71 2
00969 93 2
00971 62 2
00972 101 2
00974 80 2
00975 53 2
00978 66 2
00982 131 2
00984 130 2
00985 58 2
00986 58 2
00990 74 2
00993 79 2
00994 54 2
00995 59 2
01000 66 2
01003 60 2
01006 95 2
01011 37 2
01012 67 2
01013 57 2
01014 72 2
01015 90 2
01016 57 2
01023 55 2
01024 55 2
01025 60 2
01026 58 2
01031 95 2
01032 91 2
01034 129 2
01088 268 2
01090 79 2
01094 59 2
01097 102 2
01104 105 2
01105 55 2
01106 109 2
01109 100 2
01114 51 2
01116 66 2
01133 57 2
01144 75 2
01145 82 2
01148 53 2
01149 69 2
01154 52 2
01165 70 2
01167 61 2
00084 98 1
00126 71 1
00177 221 1
00183 70 1
00211 134 1
00233 116 1
00246 109 1
00253 72 1
00265 154 1
00266 50 1
00267 60 1
00300 85 1
00301 54 1
00302 90 1
00333 73 1
00366 69 1
00367 279 1
00381 216 1
00384 106 1
00427 131 1
00430 149 1
00431 126 1
00433 78 1
00436 104 1
00445 158 1
00448 51 1
00449 184 1
00451 206 1
00460 159 1
00462 177 1
00463 141 1
00464 88 1
00466 225 1
00467 179 1
00472 95 1
00473 110 1
00513 121 1
00517 133 1
00520 159 1
00526 213 1
00531 72 1
00533 80 1
00542 94 1
00544 128 1
00545 108 1
00547 152 1
00567 77 1
00611 60 1
00612 42 1
00645 99 1
00646 74 1
00652 90 1
00653 75 1
00672 127 1
00702 74 1
00714 76 1
00719 179 1
00728 210 1
00729 54 1
00742 94 1
00745 66 1
00746 122 1
00754 47 1
00755 68 1
00756 56 1
00757 120 1
00762 137 1
00770 117 1
00773 77 1
00784 86 1
00807 67 1
00835 132 1
00836 137 1
00851 184 1
00864 60 1
00911 59 1
00937 76 1
00948 98 1
00998 84 1
01007 58 1
01008 52 1
01033 80 1
01036 85 1
01040 56 1
01047 128 1
01091 113 1
01092 89 1
01126 134 1
01150 76 1
01153 164 1
01155 129 1
01174 60 1
01177 137 1
01185 122 1
01196 56 1
01200 111 1
01234 55 1
01314 89 1
01320 135 1
01321 129 1
01339 67 1
01421 68 1
01439 54 1
01442 42 1
01444 52 1
01449 61 1
01477 83 1
01489 108 1
01490 52 1
01491 55 1
01492 57 1
01520 106 1
01543 66 1
01557 92 1
01607 72 1
01651 117 1
01664 157 1
01666 75 1
01675 75 1
01687 210 1
01737 78 1
01738 92 1
01740 52 1
01750 134 1
01759 65 1
01764 58 1
01766 58 1
01788 92 1
01835 81 1
01838 75 1
01842 53 1
01883 89 1
01885 82 1
01894 80 1
01932 76 1
02003 100 1
02006 79 1
02008 72 1
02010 93 1
02047 58 1
02090 149 1
02095 244 1
02105 93 1
02110 59 1
02113 57 1
02114 170 1
02124 65 1
02126 59 1
02135 110 1
02140 118 1
02141 56 1
02168 286 1
02211 204 1
02263 146 1
02282 88 1
02283 70 1
02305 81 1
02338 77 1
02339 77 1
02384 63 1
02398 80 1
02399 157 1
02425 53 1
02430 147 1
02431 87 1
02432 131 1
02445 112 1
02446 118 1
02477 140 1
02499 68 1
02518 52 1
02527 186 1
02550 58 1
02551 75 1
02552 114 1
02553 62 1
02555 116 1
02559 211 1
02561 31 1
02562 74 1
02577 65 1
02580 140 1
02589 129 1
02610 33 1
02612 194 1
02632 125 1
02635 90 1
02639 117 1
02640 67 1
02641 65 1
02642 100 1
02643 147 1
02655 42 1
02665 92 1
02667 275 1
02668 83 1
02673 112 1
02677 57 1
02681 55 1
02688 111 1
02713 68 1
02714 93 1
02718 127 1
02719 81 1
02720 76 1
02723 56 1
02724 74 1
02725 84 1
02730 84 1
02736 64 1
02752 55 1
02762 61 1
02766 73 1
02769 104 1
02772 105 1
02777 61 1
02785 227 1
02789 74 1
02796 130 1
02800 53 1
02802 53 1
02814 79 1
02829 77 1
02836 64 1
02839 65 1
02846 119 1
02855 81 1
02860 142 1
02863 50 1
02875 195 1
02878 69 1
02881 63 1
02890 59 1
02892 164 1
02917 179 1
02919 75 1
02935 187 1
02970 67 1
02982 163 1
02997 85 1
03006 65 1
03018 83 1
03019 108 1
03038 68 1
03044 155 1
03045 93 1
03048 69 1
03054 54 1
03063 82 1
03078 172 1
03086 57 1
03088 83 1
03096 161 1
03113 289 1
03128 148 1
03138 90 1
03141 64 1
03148 160 1
03151 87 1
03158 111 1
03160 142 1
03162 161 1
03164 103 1
03167 71 1
03190 66 1
03193 127 1
03206 161 1
03226 70 1
03228 163 1
03229 168 1
03230 116 1
03235 103 1
03244 86 1
03246 63 1
03341 53 1
03409 76 1
03412 85 1
03460 78 1
03469 51 1
03478 103 1
03479 85 1
03486 84 1
03487 74 1
03488 116 1
03490 100 1
03541 66 1
03542 55 1
03561 112 1
03565 90 1
03566 118 1
03595 64 1
03632 87 1
03640 46 1
03642 59 1
00041 67 4
00086 51 4
00156 40 4
00174 164 4
00220 122 4
00234 115 4
00252 100 4
00268 64 4
00271 58 4
00272 58 4
00278 93 4
00281 62 4
00309 187 4
00325 89 4
00331 63 4
00342 85 4
00343 43 4
00345 112 4
00388 100 4
00424 135 4
00446 135 4
00483 87 4
00492 75 4
00493 68 4
00494 64 4
00557 71 4
00564 85 4
00568 63 4
00577 55 4
00587 65 4
00608 52 4
00622 76 4
00656 61 4
00661 69 4
00683 55 4
00690 93 4
00701 70 4
00705 70 4
00707 54 4
00708 17 4
00716 104 4
00720 53 4
00792 43 4
00803 54 4
00825 52 4
00843 51 4
00844 41 4
00997 81 4
00999 51 4
01002 76 4
01009 52 4
01063 119 4
01076 95 4
01078 81 4
01082 93 4
01095 56 4
01147 56 4
01157 67 4
01160 64 4
01197 135 4
01208 51 4
01210 83 4
01227 97 4
01257 55 4
01290 46 4
01299 75 4
01319 76 4
01367 58 4
01373 44 4
01406 55 4
01469 56 4
01470 70 4
01668 124 4
01678 87 4
01679 107 4
01681 74 4
01733 104 4
01789 69 4
01814 64 4
01829 58 4
01840 80 4
01855 58 4
01879 68 4
01916 108 4
01921 84 4
01924 51 4
01944 90 4
01991 50 4
02018 78 4
02028 51 4
02032 77 4
02039 85 4
02048 53 4
02062 56 4
02071 143 4
02073 75 4
02074 78 4
02080 67 4
02081 68 4
02083 56 4
02084 74 4
02104 87 4
02134 46 4
02180 55 4
02249 61 4
02292 53 4
02294 77 4
02295 53 4
02296 138 4
02320 88 4
02325 48 4
02351 72 4
02378 107 4
02437 56 4
02447 63 4
02539 64 4
02545 68 4
02554 130 4
02571 53 4
02590 60 4
02594 33 4
02602 53 4
02606 111 4
02609 140 4
02657 112 4
02678 87 4
02692 59 4
02729 99 4
02732 88 4
02733 58 4
02734 77 4
02745 111 4
02797 52 4
02841 104 4
02876 81 4
02894 12 4
02916 105 4
02960 75 4
02962 84 4
02971 69 4
03034 74 4
03064 52 4
03067 99 4
03112 95 4
03140 57 4
03153 60 4
03179 60 4
03196 60 4
03201 50 4
03204 74 4
03216 91 4
03217 78 4
03233 73 4
03238 132 4
03247 58 4
03249 64 4
03250 66 4
03324 69 4
03347 88 4
03401 61 4
03414 39 4
03430 101 4
03431 83 4
03461 59 4
03471 73 4
03575 71 4
03585 74 4
03599 51 4
03604 53 4
03648 61 4
03660 78 4
03676 118 4
03684 50 4
03693 52 4
03724 68 4
03761 91 4
03784 65 4
03802 55 4
03857 58 4
03861 58 4
03932 53 4
03935 52 4
03997 86 4
04016 55 4
04085 73 4
04151 60 4
04217 97 4
04227 96 4
04295 94 4
04315 128 4
04329 66 4
04331 141 4
04337 59 4
04345 89 4
04365 146 4
04406 83 4
04420 74 4
04457 89 4
04477 62 4
04522 71 4
04700 60 4
04796 168 4
04811 68 4
04837 72 4
04936 163 4
04950 89 4
04962 109 4
04963 86 4
04967 107 4
05006 122 4
05017 88 4
05032 44 4
05060 54 4
05075 75 4
05076 109 4
00026 81 7
00038 131 7
00049 60 7
00078 171 7
00124 51 7
00132 68 7
00159 59 7
00188 86 7
00385 64 7
00392 114 7
00412 97 7
00413 146 7
00417 117 7
00506 112 7
00572 56 7
00582 95 7
00597 144 7
00598 66 7
00609 77 7
00620 64 7
00667 104 7
00668 131 7
00769 50 7
00777 53 7
00814 58 7
00828 179 7
00894 57 7
00904 54 7
00946 65 7
00987 62 7
00996 61 7
01005 154 7
01010 112 7
01028 83 7
01060 124 7
01061 77 7
01062 81 7
01117 81 7
01131 87 7
01134 94 7
01151 56 7
01161 55 7
01169 57 7
01172 58 7
01204 79 7
01407 67 7
01416 67 7
01443 55 7
00027 64 8
00030 56 8
00045 61 8
00079 77 8
00080 53 8
00107 108 8
00125 59 8
00134 53 8
00142 57 8
00154 68 8
00157 54 8
00160 60 8
00164 67 8
00175 238 8
00178 114 8
00225 159 8
00249 111 8
00274 58 8
00305 105 8
00312 52 8
00389 129 8
00400 51 8
00440 176 8
00491 95 8
00499 123 8
00551 54 8
00554 198 8
00558 65 8
00607 73 8
00610 101 8
00618 76 8
00650 113 8
00693 65 8
00697 87 8
00713 115 8
00737 122 8
00753 60 8
00758 49 8
00842 76 8
00852 126 8
00856 250 8
00862 96 8
00866 71 8
00869 29 8
00874 69 8
00898 183 8
00923 161 8
00926 96 8
00939 57 8
00958 54 8
00965 61 8
00970 69 8
00977 66 8
01022 52 8
01030 52 8
01086 70 8
01107 131 8
01132 111 8
01141 81 8
01194 120 8
01224 54 8
01226 77 8
01228 204 8
01233 90 8
01284 63 8
01310 50 8
01311 55 8
01334 104 8
01408 82 8
01411 65 8
01448 141 8
01539 55 8
01670 160 8
01673 200 8
01688 61 8
01691 121 8
01692 76 8
01700 68 8
01826 56 8
01834 74 8
01846 61 8
01852 98 8
01887 86 8
01903 84 8
01920 54 8
01928 56 8
01933 53 8
01937 64 8
01940 64 8
01945 61 8
01960 94 8
02050 52 8
02088 68 8
02160 62 8
02179 56 8
02233 91 8
02322 59 8
02324 101 8
02337 67 8
02387 59 8
02483 117 8
02500 74 8
02501 126 8
02502 71 8
02503 75 8
02505 66 8
02513 117 8
02523 53 8
02576 118 8
02592 70 8
02597 49 8
02600 39 8
02611 99 8
02614 65 8
02617 116 8
02619 76 8
02646 82 8
02687 68 8
02690 111 8
02712 163 8
02737 207 8
02747 72 8
02763 162 8
02783 53 8
02804 88 8
02811 59 8
02818 83 8
02824 63 8
02828 62 8
02885 65 8
02893 82 8
02925 56 8
02948 54 8
02966 68 8
02993 62 8
03002 73 8
03014 123 8
03074 54 8
03095 52 8
03104 51 8
03147 193 8
03159 75 8
03163 102 8
03181 61 8
03183 88 8
03231 125 8
03236 65 8
03242 49 8
03251 54 8
03253 51 8
03285 54 8
03311 79 8
03435 61 8
03439 94 8
03467 58 8
03470 75 8
03476 66 8
03494 66 8
03499 57 8
03500 100 8
03522 56 8
03529 93 8
03531 80 8
03567 73 8
03637 61 8
03667 44 8
03700 58 8
03702 55 8
03703 135 8
03705 92 8
03735 53 8
03746 119 8
03750 69 8
03754 112 8
03782 56 8
03798 58 8
03803 80 8
03815 53 8
03865 51 8
03905 210 8
03906 63 8
03909 70 8
03920 54 8
04022 64 8
00022 129 9
00065 192 9
00135 53 9
00243 128 9
00322 56 9
00374 75 9
00444 161 9
00507 81 9
00522 72 9
00523 183 9
00530 56 9
00591 64 9
00605 70 9
00648 65 9
00666 61 9
00700 53 9
00721 149 9
00743 61 9
00749 87 9
00764 78 9
00783 72 9
00793 65 9
00819 168 9
00820 73 9
00834 127 9
00918 71 9
00933 65 9
00942 69 9
00947 61 9
00960 81 9
01042 87 9
01044 95 9
01049 130 9
01083 75 9
01085 56 9
01102 79 9
01121 70 9
01127 156 9
01230 54 9
01325 117 9
01446 58 9
01453 57 9
01540 81 9
01665 115 9
01672 89 9
01697 69 9
01707 84 9
01747 94 9
01942 94 9
01989 88 9
02065 59 9
02379 75 9
02466 55 9
00215 87 10
00316 139 10
00334 83 10
00361 124 10
00382 212 10
00401 53 10
00425 141 10
00437 131 10
00443 195 10
00536 117 10
00566 48 10
00592 114 10
00627 83 10
00636 58 10
00822 202 10
00860 22 10
00940 55 10
01084 55 10
01142 56 10
01164 126 10
01176 72 10
01832 65 10
02025 53 10
02256 75 10
02644 88 10
02663 53 10
02710 171 10
02774 53 10
02812 55 10
02889 110 10
03015 64 10
03032 100 10
03037 105 10
03053 79 10
03166 94 10
03180 51 10
03237 80 10
07542 75 3
07548 83 3
07550 140 3
07554 67 3
07556 57 3
07560 257 3
07563 138 3
07564 134 3
07566 36 3
07568 72 3
07569 21 3
07571 63 3
07576 127 3
07579 54 3
07584 57 3
07591 97 3
07593 76 3
07611 68 3
07614 94 3
07615 56 3
07618 262 3
07619 113 3
07621 52 3
07626 50 3
07628 63 3
07632 87 3
07634 97 3
07636 89 3
07637 61 3
07639 78 3
07642 72 3
07643 83 3
07644 54 3
07648 124 3
07649 134 3
07652 71 3
07653 52 3
07660 152 3
07682 63 3
07688 77 3
07697 34 3
07705 163 3
07707 35 3
07714 67 3
07718 50 3
07722 101 3
07729 96 3
07733 601 3
07735 105 3
07746 113 3
07747 54 3
07748 57 3
07752 52 3
07757 68 3
07771 53 3
07774 78 3
07776 95 3
07777 385 3
07783 225 3
07792 147 3
07795 91 3
07800 32 3
07808 72 3
07815 112 3
07821 131 3
07823 69 3
07828 76 3
07831 97 3
07833 76 3
07834 78 3
07843 141 3
07844 52 3
07848 56 3
07852 67 3
07854 72 3
07856 73 3
07873 116 3
07876 254 3
07879 129 3
07880 77 3
07882 60 3
07891 99 3
07892 304 3
07894 84 3
07900 100 3
07905 67 3
07930 28 3
07931 101 3
07932 94 3
07933 20 3
07940 181 3
07947 68 3
07949 42 3
07960 129 3
07978 60 3
07983 45 3
07988 94 3
07989 130 3
07992 97 3
07997 150 3
07999 37 3
08000 34 3
08006 91 3
08007 43 3
08014 253 3
08024 63 3
08030 72 3
08041 71 3
08059 79 3
08063 104 3
08070 269 3
08077 92 3
08078 177 3
08079 73 3
08091 90 3
08094 82 3
08119 220 3
08121 152 3
08127 42 3
08128 158 3
08144 76 3
08146 159 3
08149 91 3
08156 64 3
08165 92 3
08195 116 3
08198 102 3
08206 59 3
08208 66 3
08214 60 3
08215 62 3
08226 208 3
08228 133 3
08230 33 3
08231 46 3
08232 210 3
08235 179 3
08237 69 3
08239 130 3
08258 172 3
08261 60 3
08275 69 3
08276 28 3
08283 71 3
08286 87 3
08291 72 3
08295 153 3
08300 67 3
08312 67 3
08325 144 3
08332 64 3
08339 138 3
08342 73 3
08344 44 3
08348 48 3
08357 68 3
08366 59 3
08372 303 3
08384 108 3
08385 56 3
08389 92 3
08391 110 3
08394 144 3
08395 102 3
08405 147 3
08407 50 3
08413 146 3
08421 128 3
08422 112 3
08424 78 3
08425 63 3
08427 64 3
08431 99 3
08444 56 3
08445 77 3
08449 111 3
08462 167 3
08471 198 3
08477 139 3
08483 63 3
08500 98 3
08515 94 3
08516 162 3
08523 151 3
08530 67 3
08535 70 3
08543 120 3
08545 185 3
08552 65 3
08554 208 3
08555 61 3
08560 49 3
08562 119 3
08577 128 3
08579 40 3
08580 59 3
08584 178 3
08600 122 3
08605 114 3
08627 136 3
08635 136 3
08637 226 3
08638 116 3
08641 117 3
08643 148 3
08651 133 3
08655 62 3
08662 76 3
08669 147 3
08673 67 3
08720 83 3
08721 47 3
08722 84 3
08726 85 3
08727 217 3
08728 81 3
08730 90 3
08733 74 3
08744 42 3
08750 63 3
08754 138 3
08759 165 3
08774 100 3
08775 134 3
08783 54 3
08800 62 3
08809 56 3
08813 172 3
08816 26 3
08827 46 3
08830 128 3
08833 174 3
08841 118 3
08860 94 3
08877 87 3
08895 174 3
08902 49 3
08905 64 3
08907 103 3
08930 78 3
08932 37 3
08934 202 3
08936 61 3
08945 62 3
08967 31 3
08968 110 3
08971 32 3
08979 83 3
08980 152 3
08982 78 3
08984 69 3
08991 29 3
08995 137 3
09001 67 3
09011 28 3
09017 91 3
09021 65 3
09022 177 3
09031 34 3
09032 50 3
09033 55 3
09035 44 3
09037 18 3
09039 109 3
09050 75 3
09052 92 3
09056 188 3
09060 98 3
09064 184 3
09068 64 3
09075 22 3
09078 72 3
09080 47 3
09083 90 3
09085 179 3
09095 88 3
09107 180 3
09109 56 3
07404 98 5
07413 66 5
07428 62 5
07430 95 5
07432 71 5
07436 68 5
07438 83 5
07442 63 5
07454 135 5
07460 78 5
07462 50 5
07467 66 5
07472 94 5
07478 74 5
07500 147 5
07513 102 5
07516 52 5
07519 54 5
07523 74 5
07525 59 5
07527 153 5
07536 95 5
07541 120 5
07549 70 5
07552 108 5
07557 53 5
07573 125 5
07577 24 5
07582 43 5
07583 118 5
07586 73 5
07589 238 5
07599 103 5
07612 49 5
07623 25 5
07630 169 5
07654 91 5
07657 89 5
07661 33 5
07668 107 5
07670 64 5
07689 35 5
07694 81 5
07695 52 5
07698 51 5
07704 66 5
07708 108 5
07724 66 5
07730 137 5
07734 55 5
07741 59 5
07743 33 5
07760 32 5
07762 52 5
07765 102 5
07767 94 5
07769 97 5
07788 19 5
07793 94 5
07819 61 5
07851 66 5
07887 150 5
07888 111 5
07889 135 5
07902 68 5
07906 49 5
07919 27 5
07928 274 5
07943 90 5
07945 54 5
07950 83 5
07954 115 5
07979 87 5
07980 38 5
07981 175 5
08004 77 5
08016 66 5
08029 100 5
08037 14 5
08047 83 5
08054 65 5
08055 72 5
08062 176 5
08064 120 5
08066 236 5
08076 224 5
08096 84 5
08102 63 5
08108 99 5
08118 119 5
08138 172 5
08139 116 5
08140 37 5
08151 62 5
08152 104 5
08162 53 5
08178 91 5
08194 92 5
08200 175 5
08201 38 5
08217 44 5
08218 75 5
08222 61 5
08233 144 5
08236 79 5
08240 59 5
08268 84 5
08270 49 5
08274 23 5
08293 141 5
08299 76 5
08301 19 5
08316 107 5
08320 95 5
08327 52 5
08330 99 5
08338 90 5
08382 103 5
08390 67 5
08397 109 5
08434 112 5
08436 106 5
08455 35 5
08457 46 5
08474 90 5
08481 93 5
08498 198 5
08501 168 5
09456 57 6
09457 56 6
09458 69 6
09460 105 6
09461 61 6
09467 147 6
09468 52 6
09469 213 6
09474 52 6
09483 136 6
09489 111 6
09492 53 6
09497 58 6
09498 72 6
09499 99 6
09501 70 6
09503 66 6
09508 71 6
09510 113 6
09518 47 6
09521 63 6
09524 75 6
09525 64 6
09528 54 6
09535 44 6
09539 168 6
09549 32 6
09551 93 6
09566 173 6
09567 59 6
09568 43 6
09570 82 6
09572 58 6
09573 150 6
09584 98 6
09586 80 6
09589 95 6
09591 112 6
09597 147 6
09600 227 6
09607 56 6
09608 57 6
09616 78 6
09618 26 6
09623 70 6
09629 95 6
09630 58 6
09635 74 6
09637 67 6
09639 52 6
09640 50 6
09644 88 6
09648 356 6
09649 85 6
09654 63 6
09662 74 6
09664 100 6
09669 60 6
09672 93 6
09674 52 6
09675 54 6
09680 52 6
09682 92 6
09684 69 6
09687 53 6
09688 186 6
09692 128 6
09697 165 6
09708 29 6
09711 80 6
09713 106 6
09715 114 6
09718 85 6
09725 76 6
09728 31 6
09729 32 6
09736 82 6
09739 61 6
09741 58 6
09742 64 6
09743 122 6
09744 172 6
09745 86 6
09746 252 6
09749 140 6
09753 94 6
09754 164 6
09757 123 6
09760 96 6
09765 76 6
09766 76 6
09773 64 6
09774 141 6
09775 210 6
09776 149 6
09777 195 6
09778 97 6
09779 185 6
09781 40 6
09784 81 6
09788 67 6
09790 154 6
09791 63 6
09792 54 6
09795 84 6
09796 104 6
09800 57 6
09801 88 6
09804 30 6
09812 63 6
09822 62 6
09823 116 6
09825 104 6
09826 108 6
09828 91 6
09833 83 6
09845 295 6
09854 128 6
09856 102 6
09858 75 6
09859 177 6
09865 124 6
09868 50 6
09876 60 6
09877 65 6
03326 56 0
03336 95 0
03337 94 0
03342 53 0
03344 70 0
03352 58 0
03353 61 0
03355 173 0
03356 65 0
03360 65 0
03367 90 0
03368 100 0
03370 56 0
03371 66 0
03372 44 0
03373 55 0
03375 63 0
03379 49 0
03381 89 0
03390 79 0
03392 85 0
03394 131 0
03397 105 0
03398 69 0
03399 68 0
03400 48 0
03404 53 0
03406 54 0
03407 63 0
03408 72 0
03411 54 0
03423 98 0
03425 64 0
03432 77 0
03436 67 0
03437 77 0
03440 42 0
03448 75 0
03462 96 0
03472 53 0
03491 56 0
03495 55 0
03497 80 0
03501 51 0
03506 82 0
03507 121 0
03509 70 0
03513 70 0
03515 59 0
03519 70 0
03523 91 0
03530 116 0
03536 56 0
03539 63 0
03540 56 0
03556 55 0
03563 102 0
03569 55 0
03570 59 0
03573 83 0
03574 86 0
03586 75 0
03590 48 0
03592 54 0
03593 54 0
03596 56 0
03597 79 0
03598 50 0
03613 68 0
03614 43 0
03633 55 0
03638 45 0
03641 51 0
03649 47 0
03654 146 0
03658 72 0
03661 63 0
03664 81 0
03665 76 0
03668 66 0
03674 53 0
03681 67 0
03687 63 0
03688 81 0
03691 77 0
03694 69 0
03696 124 0
03697 65 0
03698 100 0
03711 38 0
03721 71 0
03723 52 0
03726 50 0
03728 75 0
03740 56 0
03758 83 0
03760 89 0
03764 53 0
03765 61 0
03775 111 0
03777 62 0
03781 65 0
03783 85 0
03801 54 0
03809 87 0
03824 53 0
03827 131 0
03829 65 0
03832 68 0
03833 60 0
03834 40 0
03835 77 0
03836 102 0
03839 60 0
03841 61 0
03843 82 0
03845 64 0
03846 62 0
03847 58 0
03849 59 0
03855 80 0
03856 61 0
03860 56 0
03863 51 0
03891 61 0
03902 63 0
03907 72 0
03908 91 0
03910 53 0
03923 52 0
03925 77 0
03926 90 0
03928 114 0
03936 71 0
03937 96 0
03940 74 0
03948 64 0
03951 56 0
03957 117 0
03958 70 0
03959 140 0
03962 81 0
03963 57 0
03966 107 0
03967 121 0
03969 95 0
03980 65 0
03991 194 0
03992 53 0
03994 56 0
03995 53 0
04012 51 0
04018 89 0
04020 52 0
04021 71 0
04027 85 0
04032 65 0
04038 138 0
04042 63 0
04043 91 0
04062 150 0
04067 89 0
04075 78 0
04077 123 0
04082 66 0
04092 62 0
04093 180 0
04113 75 0
04115 196 0
04123 72 0
04125 53 0
04133 157 0
04138 124 0
04147 98 0
04148 56 0
04155 117 0
04166 64 0
04168 71 0
04170 138 0
04171 56 0
04175 66 0
04177 100 0
04178 71 0
04179 67 0
04183 145 0
04186 71 0
04216 87 0
04218 54 0
04226 54 0
04230 61 0
04231 79 0
04232 83 0
04241 60 0
04243 58 0
04270 81 0
04272 82 0
04281 77 0
04284 52 0
04285 76 0
04288 104 0
04304 53 0
04308 71 0
04311 84 0
04317 57 0
04320 60 0
04324 158 0
04326 31 0
04327 56 0
04328 99 0
04334 219 0
04335 65 0
04338 80 0
04339 200 0
04341 117 0
04342 70 0
04343 94 0
04346 168 0
04347 88 0
04352 141 0
04358 100 0
04359 193 0
04360 168 0
04363 63 0
04372 68 0
04373 130 0
04376 51 0
04378 260 0
04380 78 0
04382 63 0
04383 84 0
04388 53 0
04391 52 0
04392 105 0
04394 84 0
04395 159 0
04396 149 0
04400 256 0
04402 202 0
04403 115 0
04404 64 0
04405 62 0
04407 91 0
04408 58 0
04409 104 0
04410 68 0
04413 144 0
04415 67 0
04417 51 0
01946 59 2
01947 142 2
01948 52 2
01951 69 2
01952 61 2
01953 55 2
01955 77 2
01956 52 2
01957 55 2
01961 52 2
01962 56 2
01965 111 2
01969 55 2
01971 74 2
01973 72 2
01974 97 2
01998 99 2
01999 107 2
02001 72 2
02004 68 2
02009 59 2
02034 100 2
02035 70 2
02036 69 2
02038 119 2
02043 126 2
02049 67 2
02052 84 2
02053 108 2
02054 83 2
02061 83 2
02066 61 2
02069 83 2
02077 66 2
02091 72 2
02097 58 2
02117 61 2
02118 75 2
02132 59 2
02159 38 2
02161 73 2
02163 75 2
02165 82 2
02174 77 2
02175 120 2
02178 54 2
02181 106 2
02185 180 2
02194 132 2
02197 225 2
02198 135 2
02199 73 2
02200 91 2
02204 75 2
02205 129 2
02206 80 2
02207 107 2
02209 93 2
02226 100 2
02250 113 2
02251 148 2
02255 66 2
02257 101 2
02266 69 2
02289 130 2
02316 86 2
02323 52 2
02332 67 2
02336 57 2
02344 57 2
02347 58 2
02348 84 2
02349 55 2
02352 101 2
02355 65 2
02359 57 2
02360 54 2
02361 102 2
02362 63 2
02366 119 2
02374 56 2
02376 130 2
02380 58 2
02385 72 2
02388 63 2
02391 54 2
02401 80 2
02415 138 2
02419 89 2
02420 96 2
02423 95 2
02428 52 2
02429 84 2
02433 72 2
02434 74 2
02436 56 2
02438 70 2
02441 83 2
02442 80 2
02444 86 2
02448 69 2
02452 52 2
02453 134 2
02456 74 2
02461 53 2
02462 70 2
02463 87 2
02465 107 2
02467 60 2
02469 107 2
02470 74 2
02471 73 2
02474 78 2
02478 52 2
02479 62 2
02480 95 2
02482 147 2
02485 65 2
02486 59 2
02489 61 2
02490 104 2
02491 61 2
02493 69 2
02494 71 2
02496 71 2
02497 105 2
02498 60 2
02507 60 2
02509 77 2
02510 55 2
02515 89 2
02524 222 2
02531 71 2
02533 151 2
02534 70 2
02536 52 2
02540 54 2
02541 79 2
02627 61 2
02628 109 2
02659 54 2
02666 65 2
02685 102 2
02695 70 2
02727 51 2
02740 78 2
02746 52 2
02751 68 2
02758 137 2
02759 80 2
02767 60 2
02775 55 2
02776 74 2
02793 74 2
02807 66 2
02822 105 2
02823 62 2
02848 52 2
02858 72 2
02859 60 2
02872 67 2
02874 143 2
02877 71 2
02879 101 2
02880 76 2
02884 52 2
02896 52 2
02902 139 2
02910 83 2
02912 109 2
02914 59 2
02918 88 2
02926 84 2
02927 67 2
02933 54 2
02936 43 2
02938 68 2
02940 60 2
02941 85 2
02949 53 2
02950 78 2
02952 89 2
02954 46 2
02957 69 2
02958 60 2
02968 50 2
02974 214 2
02976 28 2
02985 71 2
02989 57 2
03000 33 2
03005 117 2
03011 68 2
03021 53 2
03023 69 2
03046 57 2
03049 66 2
03051 62 2
03055 90 2
03058 85 2
03059 64 2
03066 66 2
03068 53 2
03070 72 2
03072 67 2
03075 53 2
03076 80 2
03077 79 2
03080 53 2
03083 32 2
03087 131 2
03089 55 2
03098 63 2
03101 53 2
03106 62 2
03108 124 2
03111 84 2
03114 54 2
03118 52 2
03120 68 2
03124 51 2
03125 54 2
03126 123 2
03127 228 2
03139 118 2
03143 83 2
03144 70 2
03145 59 2
07604 78 1
07605 145 1
07606 86 1
07608 88 1
07609 382 1
07613 109 1
07620 75 1
07622 159 1
07624 314 1
07625 120 1
07627 25 1
07631 198 1
07635 80 1
07646 76 1
07651 19 1
07658 147 1
07663 91 1
07665 415 1
07667 264 1
07671 112 1
07672 98 1
07673 109 1
07676 137 1
07681 52 1
07684 131 1
07685 339 1
07687 103 1
07703 321 1
07709 144 1
07711 71 1
07715 54 1
07716 198 1
07721 203 1
07731 148 1
07745 105 1
07754 172 1
07758 68 1
07759 110 1
07764 108 1
07770 60 1
07773 42 1
07775 104 1
07785 96 1
07787 71 1
07794 138 1
07799 127 1
07810 92 1
07814 601 1
07818 204 1
07820 296 1
07822 140 1
07825 114 1
07829 117 1
07837 172 1
07838 71 1
07841 467 1
07842 108 1
07846 53 1
07847 71 1
07858 311 1
07861 142 1
07867 75 1
07871 86 1
07874 73 1
07881 96 1
07883 223 1
07884 145 1
07885 127 1
07890 77 1
07893 94 1
07897 81 1
07898 152 1
07901 181 1
07908 142 1
07909 99 1
07910 82 1
07911 88 1
07915 76 1
07916 51 1
07917 193 1
07922 49 1
07923 54 1
07924 494 1
07926 109 1
07927 251 1
07934 103 1
07935 223 1
07941 172 1
07946 88 1
07959 61 1
07961 108 1
07962 90 1
07964 119 1
07970 123 1
07972 103 1
07973 54 1
07976 76 1
07985 76 1
07993 138 1
07994 56 1
07995 49 1
07998 122 1
08009 142 1
08010 186 1
08015 79 1
08019 81 1
08020 175 1
08025 126 1
08027 90 1
08028 88 1
08031 149 1
08032 104 1
08036 184 1
08043 141 1
08044 99 1
08045 117 1
08056 87 1
08061 75 1
08072 252 1
08073 104 1
08074 89 1
08075 69 1
08086 77 1
08088 212 1
08099 77 1
08100 454 1
08104 72 1
08107 321 1
08111 163 1
08112 71 1
08115 41 1
08124 40 1
08133 244 1
08135 200 1
08137 59 1
08145 151 1
08150 385 1
08153 235 1
08181 48 1
08185 30 1
08193 98 1
08197 132 1
08204 114 1
08211 45 1
08213 77 1
08216 501 1
08220 119 1
08251 299 1
08256 244 1
08260 171 1
08263 52 1
08277 100 1
08279 74 1
08285 72 1
08287 61 1
08289 95 1
08302 171 1
08305 59 1
08309 307 1
08314 79 1
08315 327 1
08322 47 1
08323 191 1
08352 97 1
08354 188 1
08356 116 1
08358 128 1
08360 58 1
08361 92 1
08367 35 1
08369 118 1
08370 68 1
08371 166 1
08375 113 1
08378 124 1
08380 68 1
08393 96 1
08402 99 1
08403 67 1
08404 112 1
08408 64 1
08410 52 1
08414 65 1
08416 188 1
08417 91 1
08419 179 1
08420 133 1
08423 97 1
08428 71 1
08432 56 1
08437 98 1
08441 86 1
08451 171 1
08452 200 1
08454 9 1
08456 364 1
08458 31 1
08463 249 1
08465 96 1
08466 59 1
08468 246 1
08469 128 1
08475 67 1
08484 86 1
08487 112 1
08489 62 1
08495 160 1
08502 362 1
08504 228 1
08509 80 1
08511 95 1
08513 207 1
08514 93 1
08522 112 1
08533 101 1
08538 65 1
08547 80 1
08557 131 1
08561 93 1
08565 112 1
08576 74 1
08599 122 1
08604 48 1
08612 143 1
08613 182 1
08614 77 1
08615 158 1
08620 86 1
08621 72 1
08625 67 1
08626 33 1
08636 142 1
08644 90 1
08649 72 1
08658 219 1
08663 218 1
08667 57 1
08671 93 1
08679 125 1
08680 115 1
08684 69 1
08685 86 1
08686 227 1
08687 22 1
08689 92 1
08690 341 1
08698 155 1
08707 54 1
08708 201 1
08710 136 1
08711 144 1
08712 109 1
08713 118 1
08718 110 1
08719 74 1
08723 193 1
08735 114 1
08747 112 1
08757 274 1
08762 56 1
08763 484 1
08767 68 1
08768 125 1
08769 59 1
08778 70 1
08786 160 1
08787 176 1
08791 264 1
08797 201 1
08798 71 1
08799 162 1
08802 100 1
08803 247 1
08807 141 1
08810 143 1
08812 134 1
08821 193 1
08822 76 1
08826 123 1
08831 178 1
08836 183 1
08837 71 1
08845 387 1
08849 55 1
08851 83 1
08854 74 1
08856 269 1
08862 52 1
08863 31 1
08864 468 1
08872 56 1
08880 70 1
08881 70 1
08892 121 1
07726 52 4
07737 120 4
07738 114 4
07740 50 4
07744 51 4
07786 57 4
07790 139 4
07796 73 4
07801 35 4
07803 136 4
07805 70 4
07807 73 4
07809 200 4
07812 130 4
07813 32 4
07817 119 4
07832 108 4
07839 98 4
07845 66 4
07850 68 4
07857 54 4
07862 80 4
07866 119 4
07875 228 4
07877 82 4
07886 240 4
07899 178 4
07939 90 4
07958 185 4
07977 65 4
07991 107 4
08001 176 4
08003 39 4
08018 61 4
08035 121 4
08039 67 4
08049 116 4
08050 53 4
08057 105 4
08058 75 4
08065 104 4
08068 35 4
08083 53 4
08089 64 4
08092 113 4
08098 81 4
08101 88 4
08103 154 4
08106 35 4
08109 99 4
08110 56 4
08113 128 4
08126 46 4
08129 91 4
08130 108 4
08136 137 4
08164 76 4
08168 50 4
08169 56 4
08170 24 4
08171 48 4
08176 48 4
08177 68 4
08180 68 4
08182 60 4
08183 24 4
08184 72 4
08186 72 4
08190 45 4
08191 19 4
08196 124 4
08202 78 4
08203 74 4
08205 90 4
08219 77 4
08223 81 4
08229 227 4
08249 116 4
08250 78 4
08252 103 4
08254 150 4
08257 100 4
08259 84 4
08266 148 4
08269 50 4
08271 55 4
08272 122 4
08282 53 4
08290 26 4
08294 126 4
08307 65 4
08308 36 4
08317 52 4
08321 46 4
08326 103 4
08328 84 4
08333 64 4
08335 45 4
08337 56 4
08345 29 4
08351 60 4
08359 97 4
08363 56 4
08364 52 4
08368 86 4
08383 60 4
08387 133 4
08388 53 4
08392 174 4
08398 69 4
08401 75 4
08418 182 4
08430 52 4
08438 201 4
08439 170 4
08443 72 4
08446 69 4
08450 51 4
08459 56 4
08464 93 4
08479 105 4
08485 68 4
08486 110 4
08492 103 4
08496 90 4
08520 70 4
08532 136 4
08542 64 4
08548 39 4
08550 74 4
08553 116 4
08569 111 4
08586 58 4
08589 41 4
08592 62 4
08594 89 4
08595 51 4
08597 77 4
08602 104 4
08610 69 4
08617 78 4
08618 58 4
08634 103 4
08645 69 4
08646 62 4
08656 87 4
08665 51 4
08675 122 4
08678 20 4
08693 60 4
08694 60 4
08699 21 4
08700 55 4
08701 41 4
08705 29 4
08706 120 4
08709 302 4
08745 65 4
08746 37 4
08748 76 4
08751 60 4
08756 148 4
08761 82 4
08764 107 4
08770 43 4
08790 77 4
08801 64 4
08806 61 4
08811 100 4
08814 31 4
08818 81 4
08823 138 4
08829 79 4
08839 58 4
08842 96 4
08844 22 4
08848 39 4
08855 86 4
08859 73 4
08865 58 4
08869 101 4
08875 157 4
08890 90 4
08893 105 4
08899 70 4
08901 66 4
08910 109 4
08917 100 4
08918 59 4
08919 49 4
08931 89 4
08940 29 4
08943 152 4
08951 68 4
08953 93 4
08958 86 4
08960 65 4
08969 42 4
08972 129 4
09010 60 4
09023 261 4
09048 62 4
09057 56 4
09065 72 4
09066 196 4
09067 139 4
09072 48 4
09076 31 4
09079 41 4
09086 87 4
09087 81 4
09091 153 4
09115 74 4
09117 31 4
04031 73 7
04076 78 7
04163 104 7
04219 53 7
04267 105 7
04357 70 7
04384 57 7
04486 70 7
05020 76 7
05162 97 7
05195 99 7
05224 123 7
05237 124 7
05257 209 7
05307 72 7
05321 175 7
05323 273 7
05337 198 7
05342 159 7
05358 125 7
05374 89 7
05399 325 7
05404 131 7
05445 79 7
05576 601 7
05609 501 7
05624 501 7
05631 279 7
05640 501 7
05642 56 7
05702 120 7
05735 82 7
05744 124 7
05752 172 7
05774 81 7
05831 140 7
06813 49 7
06831 117 7
06836 51 7
06846 123 7
06905 85 7
06908 72 7
06916 170 7
06963 64 7
06976 74 7
06979 64 7
07009 70 7
07944 204 8
07955 73 8
07957 103 8
07965 114 8
07966 166 8
07967 185 8
07968 117 8
07971 103 8
07974 60 8
07982 43 8
07987 101 8
07990 53 8
07996 73 8
08008 56 8
08011 63 8
08013 89 8
08017 111 8
08023 70 8
08026 59 8
08033 157 8
08038 236 8
08051 110 8
08080 134 8
08082 64 8
08084 99 8
08087 113 8
08090 116 8
08097 113 8
08114 81 8
08116 101 8
08117 102 8
08131 96 8
08134 121 8
08141 216 8
08143 69 8
08148 66 8
08154 120 8
08155 65 8
08157 94 8
08158 58 8
08161 53 8
08163 80 8
08166 24 8
08188 48 8
08192 48 8
08224 51 8
08227 66 8
08234 382 8
08238 218 8
08241 213 8
08243 79 8
08247 156 8
08248 134 8
08265 49 8
08273 99 8
08280 57 8
08284 76 8
08288 114 8
08292 17 8
08297 81 8
08298 88 8
08303 88 8
08304 111 8
08319 96 8
08331 136 8
08334 74 8
08336 152 8
08341 61 8
08343 150 8
08347 61 8
08349 136 8
08350 84 8
08353 134 8
08355 103 8
08376 32 8
08386 74 8
08399 114 8
08400 70 8
08406 49 8
08411 72 8
08426 59 8
08433 113 8
08440 52 8
08442 89 8
08447 57 8
08448 113 8
08460 43 8
08467 89 8
08470 108 8
08472 103 8
08473 56 8
08476 85 8
08478 125 8
08480 108 8
08488 82 8
08491 93 8
08494 65 8
08497 186 8
08505 310 8
08506 80 8
08508 64 8
08512 70 8
08518 42 8
08524 154 8
08528 55 8
08531 130 8
08534 64 8
08541 72 8
08546 68 8
08549 115 8
08551 84 8
08563 24 8
08564 141 8
08567 74 8
08570 61 8
08571 152 8
08572 44 8
08573 53 8
08575 47 8
08578 77 8
08583 43 8
08590 73 8
08596 76 8
08598 294 8
08608 125 8
08623 74 8
08629 160 8
08632 59 8
08639 109 8
08648 126 8
08650 56 8
08652 138 8
08653 54 8
08660 62 8
08672 99 8
08674 143 8
08677 91 8
08681 42 8
08683 53 8
08688 28 8
08695 53 8
08702 94 8
08704 65 8
08724 176 8
08731 93 8
08736 108 8
08739 80 8
08740 40 8
08741 54 8
08742 60 8
08743 99 8
08752 127 8
08758 60 8
08766 52 8
08779 77 8
08781 78 8
08782 58 8
08819 77 8
08820 76 8
08825 69 8
08834 207 8
08835 192 8
08843 84 8
08846 63 8
08847 96 8
08850 52 8
08853 75 8
08866 49 8
08867 46 8
08874 70 8
08879 88 8
08882 58 8
08884 65 8
08885 60 8
08886 146 8
08891 76 8
08898 134 8
08906 114 8
08909 130 8
08915 145 8
08921 219 8
08923 90 8
08938 104 8
05496 601 9
05560 203 9
05571 191 9
05590 108 9
05608 57 9
05619 374 9
05644 104 9
05661 173 9
05678 184 9
05706 61 9
05728 400 9
05742 248 9
05754 152 9
05845 66 9
05846 159 9
05857 62 9
05858 157 9
05900 73 9
05927 71 9
06861 84 9
07001 246 9
07008 65 9
07087 66 9
07223 83 9
07230 137 9
07232 70 9
07306 93 9
07307 64 9
07308 54 9
07312 50 9
07337 54 9
07340 58 9
07350 70 9
07424 118 9
07434 50 9
07449 51 9
07465 81 9
07533 124 9
07534 118 9
07650 101 9
07669 89 9
07675 65 9
07691 87 9
07692 141 9
07756 47 9
07761 143 9
07763 189 9
07782 126 9
07859 90 9
07878 134 9
07951 50 9
08052 256 9
07772 116 10
07802 64 10
07840 162 10
07849 216 10
07855 87 10
07872 223 10
07903 147 10
07912 105 10
07918 82 10
07937 64 10
07938 180 10
07948 102 10
08034 110 10
08060 72 10
08081 112 10
08085 28 10
08093 76 10
08095 216 10
08105 71 10
08172 112 10
08209 43 10
08262 44 10
08264 147 10
08267 98 10
08340 61 10
08362 87 10
08374 55 10
08396 46 10
08412 485 10
08453 49 10
08490 63 10
08527 173 10
08537 168 10
08540 114 10
08585 158 10
08628 155 10
09112 80 3
09121 131 3
09127 40 3
09134 92 3
09136 64 3
09138 97 3
09139 48 3
09144 172 3
09147 89 3
09158 64 3
09186 125 3
09190 119 3
09192 93 3
09193 117 3
09204 67 3
09209 51 3
09211 78 3
09212 51 3
09219 64 3
09231 114 3
09251 675 3
09255 73 3
09256 52 3
09261 138 3
09272 119 3
09274 67 3
09282 60 3
09286 58 3
09288 72 3
09297 310 3
09300 84 3
09307 190 3
09311 147 3
09314 83 3
09323 192 3
09326 118 3
09328 184 3
09329 75 3
09330 52 3
09336 96 3
09344 91 3
09346 90 3
09351 68 3
09359 71 3
09363 81 3
09367 60 3
09371 72 3
09383 57 3
09394 39 3
09409 92 3
09420 267 3
09428 108 3
09429 82 3
09441 74 3
09466 199 3
09490 169 3
09495 183 3
09505 68 3
09513 160 3
09517 250 3
09532 91 3
09547 54 3
09550 75 3
09557 82 3
09561 86 3
09562 79 3
09563 46 3
09574 41 3
09577 52 3
09579 30 3
09581 98 3
09596 80 3
09611 89 3
09614 51 3
09615 72 3
09643 74 3
09645 147 3
09655 104 3
09668 34 3
09671 218 3
09676 37 3
09678 335 3
09681 129 3
09693 65 3
09698 60 3
09701 80 3
09702 153 3
09704 134 3
09706 72 3
09716 88 3
09721 42 3
09724 207 3
09730 107 3
09785 200 3
09789 205 3
09793 43 3
09797 137 3
09802 108 3
09810 94 3
09814 278 3
09815 46 3
09820 218 3
09829 68 3
09834 110 3
09842 64 3
09847 85 3
09872 173 3
09883 57 3
09889 145 3
09909 95 3
09912 69 3
09915 83 3
09918 404 3
09920 76 3
09922 147 3
09930 51 3
09934 113 3
09936 158 3
09942 61 3
09943 189 3
09968 106 3
09971 44 3
10070 146 3
10164 48 3
10165 96 3
10166 120 3
10168 48 3
10169 125 3
10170 44 3
10171 80 3
10173 120 3
10175 80 3
10176 97 3
10177 90 3
10178 61 3
10179 96 3
10180 96 3
10181 60 3
10183 109 3
10185 89 3
10186 86 3
10187 107 3
10189 65 3
10190 120 3
10191 66 3
10192 48 3
10194 120 3
10195 65 3
10196 48 3
10197 72 3
10198 48 3
10199 144 3
10200 52 3
10201 65 3
10203 41 3
10204 72 3
10205 69 3
10206 72 3
10207 57 3
10208 83 3
10209 48 3
10210 100 3
10211 43 3
10212 113 3
10213 48 3
10214 96 3
10215 48 3
10216 96 3
10217 62 3
10219 48 3
10220 72 3
10221 48 3
10222 144 3
10224 72 3
10225 96 3
10226 43 3
10228 121 3
10229 58 3
10231 72 3
10232 71 3
10233 72 3
10235 144 3
10236 72 3
10237 48 3
10238 62 3
10239 37 3
10240 192 3
10241 49 3
10242 48 3
10243 71 3
10244 72 3
10245 144 3
10246 144 3
10247 85 3
10248 48 3
10249 168 3
10251 56 3
10252 74 3
10253 34 3
10254 96 3
10255 195 3
10256 96 3
10257 96 3
10258 144 3
10259 96 3
10260 142 3
10261 99 3
10262 144 3
10263 123 3
10264 109 3
10265 190 3
10266 96 3
10267 144 3
10268 120 3
10269 144 3
10270 100 3
10271 96 3
10272 96 3
10273 96 3
10274 118 3
10275 96 3
10276 131 3
10277 168 3
10278 105 3
10279 135 3
10280 150 3
10281 96 3
10282 96 3
10283 153 3
10284 264 3
10285 144 3
10286 96 3
10287 144 3
10288 257 3
10289 135 3
10290 96 3
10291 588 3
10292 187 3
10293 144 3
10294 120 3
10295 96 3
10296 123 3
10297 106 3
10299 68 3
10300 76 3
10301 72 3
10302 72 3
10303 58 3
10304 48 3
10306 48 3
10307 72 3
10308 72 3
10309 59 3
10310 56 3
10311 82 3
10312 48 3
10313 48 3
10314 48 3
10315 48 3
10317 48 3
10318 48 3
10319 48 3
10320 78 3
10321 48 3
10322 72 3
10324 48 3
10325 48 3
10326 48 3
10327 48 3
10328 48 3
10329 48 3
10330 72 3
10331 72 3
10332 78 3
10333 56 3
10334 48 3
10335 68 3
10336 72 3
08521 252 5
08529 107 5
08536 102 5
08568 22 5
08582 209 5
08601 22 5
08609 44 5
08611 94 5
08616 149 5
08619 43 5
08630 87 5
08640 66 5
08657 50 5
08659 80 5
08661 44 5
08664 57 5
08691 74 5
08696 90 5
08716 91 5
08725 79 5
08729 160 5
08732 325 5
08749 88 5
08755 93 5
08776 110 5
08784 89 5
08788 77 5
08789 137 5
08795 60 5
08805 156 5
08808 113 5
08824 46 5
08828 37 5
08832 183 5
08840 86 5
08857 128 5
08861 97 5
08888 65 5
08889 96 5
08904 130 5
08922 36 5
08939 169 5
08948 96 5
08955 84 5
08959 74 5
08961 70 5
08974 50 5
08975 78 5
08992 154 5
09007 175 5
09014 55 5
09025 98 5
09027 191 5
09030 84 5
09034 113 5
09036 28 5
09041 78 5
09043 315 5
09051 160 5
09055 54 5
09062 91 5
09073 115 5
09090 213 5
09093 74 5
09101 46 5
09103 61 5
09106 86 5
09110 172 5
09122 52 5
09123 94 5
09126 75 5
09131 52 5
09140 34 5
09153 114 5
09154 61 5
09161 80 5
09163 69 5
09169 110 5
09170 73 5
09171 62 5
09181 145 5
09197 41 5
09213 65 5
09216 67 5
09228 114 5
09235 81 5
09244 69 5
09275 98 5
09276 129 5
09299 67 5
09302 157 5
09305 105 5
09337 62 5
09353 69 5
09361 67 5
09381 55 5
09415 37 5
09439 161 5
09446 63 5
09451 59 5
09452 93 5
09464 62 5
09465 35 5
09479 68 5
09494 151 5
09502 124 5
09522 133 5
09546 148 5
09556 68 5
09571 111 5
09593 157 5
09604 101 5
09609 66 5
09624 80 5
09652 140 5
09686 57 5
09731 86 5
09747 501 5
09761 64 5
09771 34 5
09772 154 5
09780 102 5
09803 82 5
09809 65 5
09851 81 5
09862 104 5
09870 54 5
09897 151 5
09878 60 6
09879 64 6
09885 49 6
09895 69 6
09898 90 6
09900 35 6
09901 88 6
09902 31 6
09914 63 6
09927 73 6
09938 83 6
09939 175 6
09940 86 6
09944 75 6
09948 69 6
09949 85 6
09950 71 6
09960 42 6
09962 73 6
09967 35 6
09970 158 6
10435 309 6
10443 95 6
10489 48 6
10490 93 6
10491 58 6
10492 48 6
10493 41 6
10494 30 6
10496 62 6
10497 49 6
10498 50 6
10499 55 6
10500 50 6
10501 48 6
10502 96 6
10503 42 6
10504 96 6
10505 48 6
10506 75 6
10507 60 6
10508 38 6
10510 41 6
10511 154 6
10512 43 6
10513 48 6
10514 25 6
10515 98 6
10516 27 6
10517 36 6
10518 123 6
10519 61 6
10538 36 6
10539 72 6
10540 34 6
10541 51 6
10542 48 6
10543 45 6
10544 100 6
10545 62 6
10546 115 6
10547 62 6
10548 25 6
10549 148 6
10551 50 6
10552 74 6
10554 73 6
10555 48 6
10556 113 6
10557 93 6
10558 96 6
10562 41 6
10566 48 6
10567 111 6
10568 90 6
10569 48 6
10571 29 6
10572 144 6
10573 96 6
10575 47 6
10576 205 6
10580 45 6
10581 50 6
10585 142 6
10586 96 6
10587 41 6
10588 51 6
10590 155 6
10592 122 6
10594 48 6
10596 48 6
10598 40 6
10599 107 6
10604 125 6
10619 120 6
10624 96 6
10625 144 6
10629 96 6
10640 88 6
10643 48 6
10644 50 6
10645 48 6
10646 47 6
10647 41 6
10648 139 6
10649 75 6
10652 72 6
10654 68 6
10655 25 6
10660 37 6
10662 48 6
10664 60 6
10666 164 6
10675 160 6
10676 91 6
10681 24 6
10682 24 6
10683 48 6
10684 73 6
10685 65 6
10691 72 6
10692 45 6
10698 60 6
10700 48 6
10704 69 6
04421 78 0
04424 52 0
04425 72 0
04426 61 0
04431 88 0
04438 52 0
04439 112 0
04443 99 0
04446 82 0
04448 57 0
04450 55 0
04460 54 0
04462 51 0
04465 187 0
04476 66 0
04483 104 0
04493 90 0
04496 165 0
04498 59 0
04499 60 0
04500 91 0
04503 122 0
04505 72 0
04507 66 0
04508 90 0
04510 91 0
04511 117 0
04516 76 0
04518 74 0
04519 76 0
04520 74 0
04521 67 0
04524 144 0
04525 104 0
04526 73 0
04530 87 0
04531 104 0
04538 194 0
04540 92 0
04542 148 0
04543 69 0
04544 108 0
04548 111 0
04549 78 0
04553 64 0
04555 87 0
04556 66 0
04558 79 0
04560 173 0
04561 64 0
04565 56 0
04566 52 0
04567 60 0
04572 53 0
04579 69 0
04580 100 0
04581 69 0
04582 86 0
04583 68 0
04592 198 0
04597 148 0
04601 125 0
04605 58 0
04607 55 0
04610 101 0
04614 77 0
04615 66 0
04617 87 0
04620 98 0
04621 52 0
04625 210 0
04627 161 0
04630 109 0
04632 75 0
04635 52 0
04636 199 0
04637 58 0
04638 263 0
04643 73 0
04644 98 0
04649 56 0
04650 51 0
04651 86 0
04658 224 0
04664 76 0
04666 67 0
04674 83 0
04684 65 0
04686 53 0
04692 63 0
04698 64 0
04701 78 0
04702 115 0
04703 101 0
04704 142 0
04705 62 0
04709 219 0
04714 186 0
04715 71 0
04716 63 0
04717 142 0
04718 83 0
04721 109 0
04722 201 0
04723 142 0
04726 63 0
04727 70 0
04729 73 0
04733 147 0
04735 68 0
04740 97 0
04743 141 0
04748 80 0
04754 84 0
04756 76 0
04757 64 0
04759 82 0
04761 190 0
04766 109 0
04767 84 0
04768 59 0
04773 55 0
04774 51 0
04776 113 0
04777 92 0
04781 151 0
04782 84 0
04783 63 0
04784 64 0
04786 191 0
04787 72 0
04788 152 0
04790 51 0
04791 90 0
04794 242 0
04795 99 0
04801 118 0
04803 116 0
04804 365 0
04807 250 0
04809 166 0
04816 82 0
04818 127 0
04821 119 0
04822 130 0
04823 164 0
04824 108 0
04826 127 0
04831 146 0
04835 134 0
04836 113 0
04838 197 0
04839 227 0
04841 106 0
04843 114 0
04846 110 0
04849 64 0
04853 97 0
04855 90 0
04857 209 0
04860 204 0
04861 96 0
04863 154 0
04869 126 0
04871 97 0
04872 138 0
04873 134 0
04882 109 0
04883 177 0
04884 137 0
04885 176 0
04887 114 0
04892 261 0
04893 146 0
04898 153 0
04901 93 0
04905 146 0
04906 249 0
04907 98 0
04910 103 0
04914 173 0
04916 120 0
04917 114 0
04919 145 0
04920 152 0
04921 187 0
04922 203 0
04923 296 0
04924 312 0
04925 406 0
04927 194 0
04928 197 0
04929 112 0
04930 119 0
04931 115 0
04934 139 0
04935 193 0
04937 96 0
04938 270 0
04940 127 0
04941 109 0
04942 145 0
04952 101 0
04953 137 0
04954 397 0
04955 138 0
04956 119 0
04957 97 0
04959 114 0
04960 119 0
04964 107 0
04966 101 0
04968 160 0
04972 188 0
04975 94 0
04976 156 0
04979 104 0
04982 198 0
04985 92 0
04986 172 0
04991 101 0
04992 124 0
04996 116 0
04998 94 0
05000 141 0
05001 75 0
05002 94 0
05003 209 0
05005 214 0
05008 67 0
05011 119 0
05013 161 0
05016 57 0
05018 107 0
05022 239 0
05026 242 0
05029 58 0
05030 203 0
05037 546 0
05047 64 0
05049 242 0
05050 120 0
05052 167 0
05054 68 0
05057 181 0
05061 284 0
05062 118 0
05064 142 0
03154 50 2
03157 72 2
03161 88 2
03197 113 2
03210 77 2
03213 56 2
03215 85 2
03239 63 2
03261 96 2
03269 68 2
03281 78 2
03283 55 2
03312 123 2
03314 92 2
03319 70 2
03351 73 2
03361 69 2
03405 60 2
03421 69 2
03434 82 2
03438 89 2
03441 88 2
03446 121 2
03459 86 2
03502 76 2
03511 60 2
03516 63 2
03518 88 2
03557 104 2
03605 71 2
03606 59 2
03609 98 2
03610 66 2
03611 62 2
03615 54 2
03617 89 2
03618 108 2
03619 94 2
03621 59 2
03624 64 2
03627 68 2
03628 110 2
03635 56 2
03639 72 2
03647 82 2
03652 51 2
03653 123 2
03655 115 2
03656 62 2
03657 83 2
03671 55 2
03692 59 2
03699 66 2
03708 110 2
03732 70 2
03734 69 2
03736 62 2
03739 136 2
03745 130 2
03752 80 2
03759 76 2
03762 75 2
03763 72 2
03766 78 2
03768 59 2
03769 56 2
03770 62 2
03771 62 2
03772 86 2
03773 79 2
03774 50 2
03776 131 2
03817 182 2
03818 74 2
03819 108 2
03828 51 2
03830 97 2
03837 102 2
03840 62 2
03850 80 2
03851 52 2
03852 51 2
03853 66 2
03859 55 2
03888 57 2
03889 229 2
03890 157 2
03897 80 2
03898 61 2
03899 126 2
03900 117 2
03901 63 2
03913 60 2
03914 124 2
03915 52 2
03917 53 2
03918 56 2
03919 87 2
03927 120 2
03938 89 2
03939 52 2
03941 88 2
03942 54 2
03944 63 2
03945 77 2
03946 77 2
03947 58 2
03949 104 2
03950 79 2
03952 78 2
03953 69 2
03955 78 2
03956 66 2
03960 141 2
03961 149 2
03970 59 2
03993 72 2
03996 59 2
03998 71 2
03999 57 2
04002 52 2
04009 135 2
04029 52 2
04033 100 2
04036 103 2
04037 62 2
04040 81 2
04041 65 2
04044 160 2
04045 91 2
04083 105 2
04084 84 2
04103 82 2
04108 54 2
04120 99 2
04126 86 2
04135 63 2
04137 62 2
04140 74 2
04141 64 2
04146 56 2
04154 57 2
04156 78 2
04157 181 2
04158 55 2
04159 61 2
04164 56 2
04169 60 2
04172 133 2
04173 102 2
04180 62 2
04181 65 2
04182 86 2
04220 69 2
04238 76 2
04274 94 2
04283 54 2
04298 62 2
04310 86 2
04319 68 2
04333 220 2
04340 107 2
04362 91 2
04366 129 2
04367 137 2
04368 234 2
04369 68 2
04370 141 2
04371 123 2
04375 155 2
04377 215 2
04387 96 2
04389 136 2
04390 51 2
04393 163 2
04399 201 2
04401 139 2
04411 52 2
04412 181 2
04414 52 2
04419 58 2
04422 116 2
04428 81 2
04433 73 2
04435 103 2
04437 94 2
04440 105 2
04441 244 2
04442 53 2
04444 96 2
04445 178 2
04447 89 2
04449 111 2
04452 65 2
04454 79 2
04458 241 2
04459 80 2
04461 182 2
04463 169 2
04466 58 2
04468 126 2
04469 69 2
04470 84 2
04471 134 2
04472 63 2
04473 119 2
04474 71 2
04475 63 2
04487 52 2
04488 73 2
04490 52 2
04495 65 2
04501 58 2
04504 53 2
04509 82 2
04512 68 2
04515 116 2
04532 68 2
04535 58 2
04537 143 2
04546 59 2
04550 56 2
04551 62 2
04552 74 2
04562 97 2
04563 52 2
04570 144 2
08894 89 1
08897 161 1
08900 132 1
08908 147 1
08911 189 1
08912 101 1
08913 132 1
08914 80 1
08916 76 1
08924 174 1
08925 205 1
08926 105 1
08929 93 1
08933 190 1
08941 58 1
08942 113 1
08947 60 1
08956 155 1
08964 79 1
08970 118 1
08976 191 1
08990 63 1
08993 38 1
08994 116 1
08997 203 1
08998 167 1
09003 87 1
09006 155 1
09015 59 1
09016 127 1
09020 112 1
09024 81 1
09026 76 1
09038 123 1
09045 168 1
09047 292 1
09049 288 1
09054 397 1
09058 89 1
09061 166 1
09071 81 1
09082 129 1
09092 61 1
09094 267 1
09105 349 1
09111 145 1
09113 169 1
09116 78 1
09118 153 1
09124 76 1
09133 237 1
09146 192 1
09149 107 1
09165 165 1
09168 22 1
09173 155 1
09175 146 1
09177 37 1
09179 50 1
09182 64 1
09188 55 1
09199 105 1
09208 58 1
09214 205 1
09223 141 1
09230 716 1
09233 454 1
09237 96 1
09238 62 1
09266 57 1
09268 104 1
09269 64 1
09270 140 1
09271 316 1
09281 263 1
09283 97 1
09290 110 1
09292 195 1
09293 66 1
09295 72 1
09298 186 1
09313 103 1
09315 120 1
09318 70 1
09325 29 1
09332 86 1
09340 90 1
09341 77 1
09345 72 1
09348 84 1
09350 62 1
09352 59 1
09355 90 1
09358 86 1
09360 232 1
09368 73 1
09375 122 1
09376 184 1
09380 69 1
09382 242 1
09384 97 1
09386 201 1
09389 69 1
09397 268 1
09398 50 1
09402 109 1
09403 234 1
09405 540 1
09406 316 1
09414 37 1
09418 128 1
09419 133 1
09423 80 1
09427 140 1
09430 66 1
09431 121 1
09442 53 1
09448 181 1
09450 75 1
09459 75 1
09462 106 1
09470 70 1
09472 72 1
09473 115 1
09477 75 1
09484 250 1
09488 404 1
09493 105 1
09507 69 1
09516 120 1
09523 41 1
09529 151 1
09530 137 1
09531 233 1
09533 81 1
09534 131 1
09536 56 1
09537 85 1
09542 61 1
09543 101 1
09548 72 1
09552 200 1
09554 90 1
09558 335 1
09559 234 1
09564 89 1
09569 139 1
09576 136 1
09578 69 1
09588 96 1
09592 83 1
09601 59 1
09602 81 1
09612 481 1
09619 53 1
09627 180 1
09631 115 1
09632 400 1
09634 74 1
09636 65 1
09641 85 1
09642 255 1
09646 93 1
09651 469 1
09653 121 1
09657 221 1
09665 74 1
09679 110 1
09690 59 1
09694 86 1
09699 69 1
09700 60 1
09705 57 1
09712 87 1
09717 317 1
09720 157 1
09727 268 1
09737 481 1
09748 88 1
09763 104 1
09764 92 1
09767 59 1
09783 61 1
09787 339 1
09798 205 1
09807 105 1
09808 90 1
09832 57 1
09837 92 1
09841 136 1
09848 190 1
09853 244 1
09857 481 1
09860 92 1
09861 107 1
09863 130 1
09866 273 1
09867 117 1
09875 25 1
09880 66 1
09882 145 1
09884 130 1
09886 64 1
09890 97 1
09892 340 1
09893 114 1
09899 228 1
09903 47 1
09906 163 1
09910 97 1
09911 495 1
09913 224 1
09923 173 1
09928 120 1
09931 129 1
09932 52 1
09937 56 1
09941 113 1
09945 184 1
09947 169 1
09961 74 1
10002 48 1
10003 84 1
10018 144 1
10182 150 1
10223 48 1
10434 192 1
10442 350 1
10446 144 1
10449 240 1
10526 96 1
10563 100 1
10574 168 1
10577 168 1
10579 156 1
10582 112 1
10605 192 1
10606 96 1
10607 168 1
10608 196 1
10610 107 1
10611 102 1
10612 107 1
10615 100 1
10617 144 1
10618 108 1
10623 127 1
10626 120 1
10627 149 1
10630 144 1
10631 144 1
10636 96 1
10638 168 1
10659 96 1
10669 129 1
10673 144 1
10674 131 1
10687 71 1
10693 48 1
10694 38 1
10696 66 1
10699 50 1
10701 48 1
10721 78 1
10736 96 1
10747 72 1
10761 31 1
10771 62 1
10772 60 1
10781 60 1
10784 35 1
10789 42 1
10794 48 1
10795 56 1
10797 59 1
10799 56 1
10805 91 1
10806 47 1
10813 67 1
10830 36 1
10835 129 1
10841 72 1
10846 172 1
10847 144 1
10849 114 1
10850 240 1
10852 103 1
10854 377 1
10855 181 1
10856 96 1
10857 147 1
10859 233 1
10860 96 1
10861 144 1
09128 61 4
09135 71 4
09137 105 4
09150 121 4
09157 58 4
09166 124 4
09167 92 4
09176 68 4
09184 107 4
09220 40 4
09221 50 4
09224 190 4
09236 52 4
09239 103 4
09241 83 4
09242 61 4
09249 51 4
09250 111 4
09252 74 4
09254 115 4
09258 129 4
09260 81 4
09263 139 4
09285 82 4
09301 307 4
09304 126 4
09306 63 4
09343 105 4
09347 65 4
09354 46 4
09356 108 4
09362 96 4
09378 11 4
09387 128 4
09407 75 4
09408 60 4
09410 231 4
09422 137 4
09426 209 4
09435 27 4
09438 346 4
09440 46 4
09444 70 4
09449 63 4
09453 22 4
09478 156 4
09481 95 4
09509 81 4
09512 54 4
09519 501 4
09538 42 4
09540 64 4
09544 52 4
09555 61 4
09565 30 4
09599 111 4
09610 157 4
09622 73 4
09628 95 4
09647 83 4
09656 114 4
09660 72 4
09670 109 4
09677 61 4
09691 101 4
09695 120 4
09703 98 4
09722 80 4
09726 101 4
09734 116 4
09735 87 4
09750 287 4
09752 70 4
09758 71 4
09759 76 4
09794 65 4
09799 99 4
09805 22 4
09806 128 4
09811 257 4
09816 51 4
09819 66 4
09821 155 4
09831 199 4
09836 64 4
09838 60 4
09839 86 4
09843 40 4
09844 73 4
09846 202 4
09849 66 4
09864 52 4
09874 62 4
09888 34 4
09891 60 4
09894 53 4
09908 26 4
09952 52 4
09957 109 4
09965 118 4
09966 98 4
09969 44 4
10184 67 4
10433 133 4
10439 181 4
10448 171 4
10486 70 4
10487 84 4
10488 66 4
10495 72 4
10520 83 4
10522 99 4
10550 77 4
10553 48 4
10560 262 4
10564 78 4
10584 24 4
10595 96 4
10601 132 4
10603 111 4
10613 96 4
10620 98 4
10633 96 4
10634 96 4
10637 141 4
10639 105 4
10642 48 4
10650 48 4
10651 24 4
10653 71 4
10657 48 4
10663 96 4
10667 124 4
10671 28 4
10677 118 4
10678 115 4
10680 29 4
10686 24 4
10690 48 4
10695 58 4
10697 77 4
10705 54 4
10706 60 4
10707 83 4
10709 49 4
10712 38 4
10714 64 4
10717 50 4
10718 49 4
10719 48 4
10720 60 4
10724 72 4
10725 49 4
10727 66 4
10728 48 4
10730 50 4
10733 84 4
10739 48 4
10740 36 4
10741 60 4
10743 48 4
10744 66 4
10745 37 4
10746 48 4
10751 90 4
10752 72 4
10755 72 4
10756 24 4
10760 52 4
10762 72 4
10764 72 4
10767 24 4
10768 48 4
10774 47 4
10776 52 4
10779 86 4
10780 48 4
10782 26 4
10785 90 4
10788 61 4
10791 48 4
10792 53 4
10796 48 4
10798 18 4
10800 24 4
10801 24 4
10802 72 4
10803 48 4
10807 48 4
10809 44 4
10810 72 4
10811 75 4
10812 56 4
10814 27 4
10820 48 4
10821 65 4
10822 48 4
10823 33 4
10825 24 4
10826 69 4
10827 34 4
10828 48 4
10829 48 4
10831 48 4
10832 25 4
10833 53 4
10834 24 4
10838 48 4
10839 42 4
10840 24 4
10842 36 4
10853 144 4
10858 96 4
10906 101 4
07135 156 7
07166 158 7
07184 97 7
07185 162 7
07188 51 7
07189 105 7
07278 65 7
07302 115 7
07335 96 7
07390 110 7
07401 308 7
07415 57 7
07447 156 7
07503 44 7
07531 86 7
07574 97 7
07575 51 7
07629 79 7
07633 85 7
07725 91 7
07742 65 7
07750 81 7
07791 55 7
07835 147 7
07836 82 7
07853 58 7
07942 141 7
08022 98 7
08199 64 7
08244 69 7
08329 198 7
08435 61 7
08461 65 7
08499 501 7
08525 120 7
08526 148 7
08566 100 7
08603 74 7
08606 55 7
08654 89 7
08668 92 7
08692 56 7
08734 56 7
08738 89 7
08753 94 7
08760 102 7
08772 112 7
08949 115 8
08950 176 8
08952 65 8
08963 155 8
08965 63 8
08978 187 8
08987 115 8
08988 46 8
08996 65 8
08999 66 8
09004 165 8
09005 187 8
09018 234 8
09028 96 8
09040 77 8
09042 34 8
09053 378 8
09059 77 8
09070 109 8
09074 72 8
09081 59 8
09084 169 8
09096 125 8
09100 54 8
09104 78 8
09108 73 8
09114 69 8
09119 189 8
09120 146 8
09125 77 8
09129 178 8
09130 68 8
09141 69 8
09148 70 8
09155 109 8
09156 36 8
09159 38 8
09172 138 8
09178 126 8
09180 237 8
09187 422 8
09194 60 8
09196 97 8
09198 70 8
09201 67 8
09202 126 8
09206 111 8
09207 46 8
09215 64 8
09225 95 8
09234 59 8
09245 52 8
09248 50 8
09257 108 8
09259 74 8
09262 177 8
09273 271 8
09277 119 8
09278 108 8
09280 108 8
09284 92 8
09296 69 8
09303 42 8
09309 69 8
09310 78 8
09312 338 8
09316 113 8
09322 98 8
09324 62 8
09327 62 8
09331 71 8
09339 107 8
09357 77 8
09365 130 8
09366 56 8
09370 94 8
09373 62 8
09374 115 8
09377 276 8
09379 88 8
09390 232 8
09391 84 8
09392 95 8
09393 114 8
09395 69 8
09396 163 8
09400 62 8
09417 137 8
09421 59 8
09424 116 8
09432 66 8
09434 116 8
09436 72 8
09455 176 8
09463 75 8
09471 164 8
09476 120 8
09480 78 8
09496 177 8
09500 151 8
09504 125 8
09514 366 8
09515 60 8
09520 81 8
09541 74 8
09553 66 8
09560 105 8
09580 136 8
09582 75 8
09583 59 8
09585 101 8
09587 203 8
09590 180 8
09595 156 8
09598 64 8
09605 85 8
09606 57 8
09613 65 8
09617 84 8
09620 102 8
09621 86 8
09626 68 8
09633 93 8
09638 67 8
09667 86 8
09673 180 8
09710 133 8
09714 168 8
09738 203 8
09755 272 8
09762 52 8
09786 482 8
09813 60 8
09818 83 8
09824 113 8
09827 158 8
09840 112 8
09850 133 8
09855 57 8
09869 74 8
09871 41 8
09881 93 8
09916 94 8
09924 76 8
09925 57 8
09926 79 8
09929 177 8
09933 140 8
09953 88 8
09954 91 8
09959 56 8
09964 98 8
10202 96 8
10250 120 8
10298 71 8
10316 37 8
10323 48 8
10341 81 8
10393 105 8
10401 168 8
10441 142 8
10444 271 8
10468 48 8
10509 48 8
10521 48 8
10559 156 8
10561 175 8
10593 102 8
10597 113 8
10614 329 8
10641 54 8
10658 192 8
10661 96 8
10665 106 8
10668 68 8
10672 96 8
10688 85 8
10689 49 8
10702 48 8
10708 24 8
10753 72 8
10763 49 8
10765 125 8
08120 52 9
08122 96 9
08132 111 9
08207 94 9
08221 131 9
08225 130 9
08242 203 9
08255 100 9
08310 60 9
08313 41 9
08324 115 9
08346 162 9
08365 167 9
08381 36 9
08415 182 9
08482 119 9
08517 98 9
08581 59 9
08588 82 9
08607 21 9
08647 86 9
08714 197 9
08737 112 9
08771 51 9
08792 115 9
08793 339 9
08794 149 9
08796 261 9
08852 111 9
08871 85 9
08896 172 9
08935 130 9
08962 113 9
08973 75 9
08977 89 9
08983 126 9
09009 57 9
09019 107 9
09069 175 9
09160 45 9
09185 76 9
09200 121 9
09203 254 9
09222 233 9
09226 129 9
09232 104 9
09267 97 9
09279 100 9
09289 96 9
09364 100 9
09372 80 9
09445 108 9
08676 144 10
08773 265 10
08785 145 10
08858 221 10
08920 109 10
08944 81 10
09000 46 10
09002 104 10
09008 83 10
09077 380 10
09088 79 10
09089 69 10
09097 71 10
09098 56 10
09099 265 10
09145 100 10
09174 106 10
09191 261 10
09195 467 10
09210 165 10
09217 61 10
09240 298 10
09317 164 10
09335 153 10
09416 58 10
09425 101 10
09485 95 10
09491 167 10
09511 73 10
09527 202 10
09603 86 10
09625 70 10
09666 85 10
09683 108 10
09768 146 10
09769 112 10
10337 72 3
10338 67 3
10339 48 3
10340 75 3
10342 48 3
10343 48 3
10344 50 3
10345 48 3
10346 72 3
10347 72 3
10348 63 3
10349 48 3
10350 67 3
10351 48 3
10352 72 3
10353 84 3
10354 92 3
10355 72 3
10356 72 3
10357 48 3
10358 55 3
10359 82 3
10360 48 3
10361 79 3
10362 63 3
10363 120 3
10364 48 3
10365 240 3
10366 96 3
10367 90 3
10368 72 3
10369 46 3
10370 48 3
10371 48 3
10372 38 3
10373 60 3
10374 109 3
10375 32 3
10376 195 3
10377 43 3
10378 91 3
10379 76 3
10380 65 3
10381 82 3
10382 60 3
10383 96 3
10384 96 3
10385 82 3
10386 58 3
10387 109 3
10388 91 3
10389 63 3
10390 52 3
10391 192 3
10394 78 3
10395 75 3
10396 72 3
10397 66 3
10398 240 3
10399 120 3
10400 72 3
10402 60 3
10403 96 3
10405 60 3
10406 48 3
10407 62 3
10408 185 3
10409 48 3
10410 72 3
10411 71 3
10412 75 3
10413 72 3
10414 120 3
10415 48 3
10416 48 3
10417 120 3
10418 96 3
10419 48 3
10420 72 3
10422 48 3
10424 48 3
10425 86 3
10426 45 3
10427 66 3
10428 96 3
10429 83 3
10430 102 3
10431 100 3
10432 125 3
10437 240 3
10440 152 3
10445 180 3
10450 24 3
10451 85 3
10452 72 3
10453 120 3
10454 75 3
10455 59 3
10456 72 3
10457 144 3
10458 100 3
10459 66 3
10460 48 3
10461 58 3
10463 48 3
10464 120 3
10465 72 3
10466 132 3
10467 100 3
10469 63 3
10470 72 3
10471 96 3
10472 206 3
10473 155 3
10474 120 3
10475 80 3
10476 72 3
10477 64 3
10479 64 3
10480 75 3
10481 128 3
10482 111 3
10483 140 3
10484 56 3
10485 48 3
10523 48 3
10524 72 3
10525 48 3
10528 48 3
10533 72 3
10534 72 3
10535 48 3
10536 106 3
10570 144 3
10589 112 3
10602 113 3
10621 180 3
10679 146 3
10703 48 3
10731 78 3
10749 72 3
10817 48 3
10836 59 3
10889 144 3
10918 102 3
10922 120 3
10960 144 3
10975 96 3
11174 75 3
11200 91 3
15012 52 3
15028 88 3
15057 224 3
15059 213 3
15063 101 3
15074 203 3
15078 296 3
15086 12 3
15095 48 3
15097 28 3
15112 71 3
15116 91 3
15117 162 3
15118 70 3
15123 96 3
15128 53 3
15135 86 3
15140 96 3
15153 272 3
15160 65 3
15161 52 3
15169 193 3
15194 100 3
15197 61 3
15213 83 3
15220 67 3
15227 161 3
15236 65 3
15242 79 3
15252 83 3
15258 52 3
15270 170 3
15272 95 3
15275 72 3
15276 103 3
15278 67 3
15287 46 3
15290 79 3
15294 88 3
15300 53 3
15308 52 3
15312 123 3
15313 67 3
15319 64 3
15324 33 3
15325 91 3
15326 120 3
15330 40 3
15332 63 3
15334 74 3
15340 72 3
15349 57 3
15356 74 3
15359 85 3
15362 95 3
15366 295 3
15367 64 3
15369 113 3
15386 54 3
15387 105 3
15394 90 3
15395 156 3
15396 102 3
15401 35 3
15406 44 3
15408 97 3
15410 55 3
15416 52 3
15422 84 3
15442 61 3
15448 50 3
15449 52 3
15452 113 3
15453 110 3
15456 58 3
15473 136 3
15475 39 3
15476 66 3
15478 55 3
15480 52 3
15493 57 3
15494 69 3
15510 79 3
15515 57 3
15526 45 3
15529 135 3
15531 141 3
15534 114 3
15535 179 3
15541 58 3
15546 67 3
15570 30 3
15572 50 3
15573 54 3
15579 259 3
15580 61 3
15583 153 3
15590 85 3
15597 157 3
15601 53 3
15602 135 3
15604 176 3
20012 101 3
20022 51 3
20023 71 3
20024 43 3
20025 44 3
20026 48 3
20028 83 3
20029 37 3
20030 42 3
20031 48 3
20032 56 3
20033 63 3
20034 76 3
20035 43 3
20036 60 3
20037 38 3
20038 80 3
20039 80 3
20040 57 3
20041 56 3
20042 48 3
20044 52 3
20045 87 3
20054 32 3
20065 83 3
20097 29 3
09907 69 5
09919 122 5
09921 90 5
09935 78 5
09946 157 5
09951 61 5
09955 88 5
09956 70 5
09958 44 5
10036 96 5
10090 123 5
10091 43 5
10094 74 5
10096 75 5
10099 48 5
10102 56 5
10111 64 5
10112 51 5
10114 37 5
10115 62 5
10118 61 5
10125 20 5
10128 48 5
10129 60 5
10131 87 5
10134 48 5
10135 60 5
10141 58 5
10146 48 5
10148 24 5
10149 48 5
10150 91 5
10153 53 5
10154 32 5
10155 51 5
10156 53 5
10157 96 5
10159 66 5
10160 168 5
10161 48 5
10162 76 5
10163 194 5
10174 22 5
10188 85 5
10227 48 5
10305 72 5
10392 72 5
10404 48 5
10438 159 5
10478 60 5
10527 70 5
10530 216 5
10537 72 5
10632 103 5
10635 97 5
10670 96 5
10715 110 5
10754 66 5
10793 48 5
10818 67 5
10843 48 5
10888 96 5
10912 96 5
10927 96 5
10931 68 5
10972 120 5
11018 98 5
11021 96 5
11154 69 5
11201 72 5
11242 29 5
11247 49 5
11250 24 5
15000 88 5
15016 55 5
15020 58 5
15021 69 5
15043 57 5
15103 33 5
15111 204 5
15178 55 5
15181 83 5
15185 126 5
15250 59 5
15267 64 5
15271 85 5
15283 72 5
15316 55 5
15352 173 5
15354 81 5
15361 34 5
15388 91 5
15421 60 5
15443 40 5
15446 125 5
15447 131 5
15466 65 5
15469 95 5
15474 47 5
15508 71 5
15516 108 5
15527 102 5
15545 133 5
15547 255 5
15555 53 5
15558 29 5
15576 64 5
15585 90 5
15588 57 5
15593 77 5
15599 61 5
15608 85 5
20000 37 5
20001 58 5
20002 46 5
20004 32 5
20005 76 5
20006 104 5
20007 121 5
20008 17 5
20010 42 5
20011 58 5
20014 43 5
20015 65 5
20019 101 5
20043 53 5
20095 59 5
10711 92 6
10716 72 6
10722 72 6
10723 50 6
10726 60 6
10729 72 6
10734 65 6
10735 71 6
10737 72 6
10738 55 6
10742 74 6
10748 88 6
10750 48 6
10757 86 6
10758 87 6
10759 48 6
10769 24 6
10773 35 6
10777 89 6
10786 48 6
10819 77 6
10824 48 6
11125 20 6
11169 96 6
11170 72 6
11236 48 6
11244 53 6
11252 48 6
11253 162 6
11257 56 6
15055 97 6
15064 278 6
15070 50 6
15073 79 6
15079 159 6
15094 14 6
15101 196 6
15102 64 6
15105 141 6
15106 37 6
15107 52 6
15113 34 6
15121 62 6
15124 55 6
15126 51 6
15127 94 6
15134 136 6
15145 190 6
15146 59 6
15150 56 6
15159 277 6
15162 34 6
15164 66 6
15166 25 6
15167 146 6
15172 71 6
15174 33 6
15175 103 6
15179 102 6
15182 141 6
15186 99 6
15189 39 6
15192 89 6
15195 224 6
15196 92 6
15200 187 6
15210 61 6
15212 53 6
15215 60 6
15216 99 6
15228 150 6
15232 38 6
15233 79 6
15241 60 6
15247 50 6
15256 70 6
15264 117 6
15277 59 6
15284 55 6
15288 135 6
15289 69 6
15317 68 6
15335 108 6
15371 76 6
15372 71 6
15375 93 6
15377 104 6
15383 111 6
15397 100 6
15399 86 6
15400 80 6
15407 36 6
15409 60 6
15427 36 6
15438 90 6
15471 56 6
15485 30 6
15487 90 6
15499 31 6
15505 58 6
15512 63 6
15514 22 6
15537 174 6
15550 23 6
15556 72 6
15571 212 6
15584 122 6
15592 31 6
15594 51 6
20046 36 6
20047 42 6
20048 22 6
20049 31 6
20050 32 6
20051 104 6
20052 44 6
20053 31 6
20055 54 6
20056 19 6
20057 31 6
20058 48 6
20059 36 6
20060 27 6
20062 36 6
20063 83 6
05065 132 0
05068 199 0
05069 105 0
05070 95 0
05077 100 0
05079 102 0
05085 85 0
05086 254 0
05087 93 0
05089 134 0
05090 491 0
05091 46 0
05094 503 0
05095 453 0
05098 139 0
05099 284 0
05101 110 0
05103 163 0
05104 447 0
05105 145 0
05106 61 0
05111 116 0
05113 77 0
05114 294 0
05118 67 0
05120 102 0
05121 329 0
05122 211 0
05123 63 0
05124 240 0
05126 64 0
05127 192 0
05129 280 0
05130 359 0
05133 206 0
05134 288 0
05135 82 0
05137 333 0
05138 151 0
05139 174 0
05141 83 0
05142 252 0
05143 80 0
05144 103 0
05145 73 0
05146 246 0
05147 91 0
05148 97 0
05149 302 0
05150 478 0
05152 79 0
05154 66 0
05155 80 0
05156 100 0
05160 96 0
05161 107 0
05163 60 0
05164 211 0
05165 280 0
05172 74 0
05176 127 0
05177 112 0
05178 154 0
05179 82 0
05181 522 0
05183 377 0
05185 109 0
05186 486 0
05190 171 0
05198 174 0
05199 501 0
05203 480 0
05205 129 0
05206 345 0
05215 267 0
05217 92 0
05218 102 0
05225 223 0
05228 380 0
05230 113 0
05231 83 0
05240 168 0
05241 438 0
05242 228 0
05247 102 0
05249 135 0
05253 48 0
05256 308 0
05264 86 0
05265 149 0
05268 344 0
05282 51 0
05286 123 0
05290 395 0
05291 137 0
05293 601 0
05306 286 0
05310 219 0
05314 130 0
05334 163 0
05339 145 0
05341 73 0
05344 244 0
05354 68 0
05363 136 0
05365 182 0
05366 187 0
05367 85 0
05372 210 0
05379 189 0
05381 73 0
05383 74 0
05385 454 0
05387 85 0
05389 142 0
05390 418 0
05393 112 0
05395 423 0
05396 148 0
05397 56 0
05398 51 0
05400 135 0
05415 116 0
05421 83 0
05424 125 0
05431 601 0
05432 601 0
05437 244 0
05438 284 0
05440 370 0
05441 502 0
05442 225 0
05444 601 0
05456 146 0
05457 117 0
05460 135 0
05462 333 0
05469 602 0
05470 74 0
05472 186 0
05474 601 0
05475 144 0
05476 601 0
05477 501 0
05481 91 0
05484 600 0
05501 150 0
05513 167 0
05525 287 0
05534 60 0
05536 97 0
05564 101 0
05565 191 0
05568 72 0
05574 71 0
05588 95 0
05605 420 0
05611 63 0
05612 495 0
05616 300 0
05621 154 0
05625 99 0
05637 296 0
05638 259 0
05639 79 0
05654 602 0
05656 181 0
05658 570 0
05660 66 0
05662 172 0
05663 180 0
05665 269 0
05666 101 0
05668 313 0
05679 81 0
05680 601 0
05683 79 0
05684 162 0
05685 601 0
05694 63 0
05695 167 0
05699 222 0
05700 71 0
05701 114 0
05707 501 0
05714 59 0
05719 97 0
05722 95 0
05726 430 0
05731 386 0
05736 601 0
05739 235 0
05743 229 0
05749 340 0
05763 100 0
05767 135 0
05770 172 0
05771 344 0
05777 208 0
05779 143 0
05782 66 0
05788 417 0
05791 115 0
05792 115 0
05798 95 0
05800 81 0
05802 348 0
05811 462 0
05812 70 0
05816 106 0
05817 601 0
05819 72 0
05820 270 0
05825 71 0
05828 322 0
05829 448 0
05830 162 0
05837 502 0
05838 69 0
05842 353 0
05844 62 0
05849 58 0
05907 111 0
05940 167 0
06801 135 0
06805 197 0
06830 89 0
06841 55 0
06863 114 0
06866 70 0
06878 71 0
06894 81 0
06926 98 0
06983 46 0
07678 13 0
07728 444 0
07811 70 0
08046 46 0
08067 59 0
08503 98 0
08593 80 0
08873 170 0
09265 117 0
10609 96 0
15030 163 0
15461 114 0
15472 82 0
20093 85 0
04571 93 2
04574 81 2
04575 74 2
04576 62 2
04577 82 2
04584 113 2
04594 79 2
04595 47 2
04596 97 2
04600 64 2
04606 74 2
04608 99 2
04609 55 2
04618 65 2
04619 57 2
04624 51 2
04647 91 2
04656 55 2
04659 89 2
04660 105 2
04667 126 2
04670 124 2
04671 110 2
04672 60 2
04673 67 2
04676 63 2
04677 126 2
04678 103 2
04680 83 2
04685 67 2
04688 51 2
04693 60 2
04694 62 2
04707 112 2
04708 165 2
04711 240 2
04713 115 2
04719 77 2
04720 56 2
04725 53 2
04732 85 2
04734 107 2
04737 118 2
04738 62 2
04741 63 2
04742 238 2
04749 210 2
04751 124 2
04752 81 2
04753 63 2
04764 74 2
04775 55 2
04805 174 2
04813 250 2
04814 143 2
04815 187 2
04819 173 2
04833 229 2
04840 97 2
04844 162 2
04845 139 2
04852 153 2
04856 95 2
04859 159 2
04862 133 2
04866 154 2
04867 403 2
04868 132 2
04870 179 2
04874 92 2
04875 95 2
04876 172 2
04878 210 2
04881 462 2
04888 119 2
04897 166 2
04899 153 2
04900 107 2
04902 104 2
04909 173 2
04911 163 2
04912 368 2
04913 437 2
04915 173 2
04939 109 2
04943 130 2
04944 118 2
04946 97 2
04949 102 2
04958 539 2
04961 104 2
04969 79 2
04970 170 2
04971 562 2
04973 92 2
04977 148 2
04978 100 2
04980 180 2
04981 215 2
04984 136 2
04987 126 2
04989 92 2
04993 194 2
04995 211 2
04999 119 2
05004 207 2
05007 83 2
05012 247 2
05014 151 2
05021 93 2
05027 403 2
05028 162 2
05031 56 2
05033 108 2
05034 60 2
05036 459 2
05039 150 2
05042 240 2
05043 66 2
05045 96 2
05046 68 2
05053 95 2
05055 125 2
05056 81 2
05058 164 2
05063 183 2
05066 225 2
05071 125 2
05072 167 2
05074 84 2
05078 193 2
05080 146 2
05081 88 2
05082 169 2
05100 111 2
05110 245 2
05117 117 2
05125 268 2
05132 256 2
05136 441 2
05140 240 2
05151 175 2
05153 175 2
05159 148 2
05174 254 2
05213 461 2
05214 144 2
05216 397 2
05227 162 2
05229 150 2
05235 267 2
05245 139 2
05246 445 2
05254 129 2
05258 143 2
05263 110 2
05271 171 2
05276 285 2
05279 373 2
05280 109 2
05284 112 2
05288 97 2
05292 92 2
05308 308 2
05311 291 2
05312 158 2
05315 95 2
05318 228 2
05325 203 2
05328 74 2
05335 154 2
05336 161 2
05340 479 2
05343 196 2
05346 158 2
05347 59 2
05349 196 2
05361 206 2
05364 195 2
05370 172 2
05373 149 2
05375 450 2
05376 149 2
05378 293 2
05380 104 2
05382 68 2
05388 340 2
05394 332 2
05403 210 2
05439 116 2
05450 195 2
05463 330 2
05464 436 2
05465 287 2
05480 367 2
05509 601 2
05514 111 2
05515 98 2
05547 601 2
05559 177 2
05572 91 2
05634 501 2
05636 601 2
05641 111 2
05649 207 2
05653 272 2
05667 276 2
05671 371 2
05672 83 2
05674 83 2
05688 601 2
05689 112 2
05692 262 2
05696 60 2
05709 256 2
05725 352 2
05746 117 2
05747 108 2
05751 601 2
05753 100 2
05759 85 2
05764 75 2
05778 254 2
05783 83 2
05796 89 2
05821 59 2
05847 601 2
10864 191 1
10866 125 1
10867 120 1
10868 156 1
10870 304 1
10871 96 1
10872 96 1
10873 178 1
10874 133 1
10875 144 1
10876 124 1
10877 276 1
10878 199 1
10879 96 1
10880 109 1
10883 229 1
10884 152 1
10885 144 1
10886 138 1
10887 96 1
10890 143 1
10892 117 1
10895 100 1
10897 264 1
10899 170 1
10901 96 1
10903 320 1
10905 174 1
10907 120 1
10908 96 1
10909 144 1
10911 120 1
10914 100 1
10915 96 1
10916 95 1
10917 168 1
10920 136 1
10921 144 1
10923 397 1
10924 103 1
10925 120 1
10926 168 1
10928 240 1
10929 98 1
10930 192 1
10932 225 1
10933 117 1
10934 225 1
10935 300 1
10936 105 1
10937 137 1
10938 96 1
10939 96 1
10940 132 1
10941 157 1
10942 96 1
10944 94 1
10945 120 1
10946 192 1
10948 201 1
10949 226 1
10952 193 1
10955 96 1
10956 120 1
10957 96 1
10958 96 1
10959 131 1
10963 144 1
10964 264 1
10965 96 1
10966 234 1
10967 100 1
10968 133 1
10969 144 1
10970 190 1
10971 144 1
10973 96 1
10974 96 1
10976 100 1
10977 134 1
10978 120 1
10979 121 1
10980 144 1
10981 120 1
10982 288 1
10983 230 1
10984 96 1
10986 96 1
10987 144 1
10988 240 1
10990 100 1
10992 145 1
10993 144 1
10994 96 1
10995 216 1
10996 96 1
10997 96 1
10998 120 1
10999 96 1
11001 336 1
11003 96 1
11004 120 1
11005 104 1
11006 144 1
11010 96 1
11011 105 1
11012 121 1
11013 96 1
11015 209 1
11016 90 1
11017 120 1
11019 120 1
11020 94 1
11022 130 1
11023 125 1
11025 200 1
11026 96 1
11027 96 1
11028 120 1
11029 285 1
11030 150 1
11031 144 1
11032 108 1
11033 88 1
11034 97 1
11036 96 1
11037 103 1
11038 192 1
11039 137 1
11041 188 1
11042 185 1
11043 96 1
11044 264 1
11047 96 1
11048 705 1
11049 96 1
11050 100 1
11051 100 1
11052 141 1
11053 120 1
11054 96 1
11055 100 1
11056 120 1
11060 96 1
11062 240 1
15004 62 1
15058 259 1
15060 155 1
15067 287 1
15071 48 1
15072 132 1
15076 119 1
15080 105 1
15081 186 1
15083 97 1
15084 53 1
15085 97 1
15087 487 1
15088 55 1
15090 118 1
15091 72 1
15093 132 1
15115 160 1
15119 188 1
15122 319 1
15125 114 1
15130 112 1
15133 264 1
15136 73 1
15137 429 1
15139 96 1
15142 73 1
15154 378 1
15156 71 1
15165 21 1
15170 94 1
15171 125 1
15176 318 1
15177 51 1
15187 105 1
15190 315 1
15198 94 1
15199 67 1
15202 295 1
15203 261 1
15207 88 1
15208 81 1
15214 201 1
15218 55 1
15219 108 1
15223 61 1
15235 73 1
15237 142 1
15239 94 1
15240 152 1
15244 288 1
15254 86 1
15255 96 1
15257 93 1
15261 85 1
15265 94 1
15266 113 1
15268 61 1
15279 113 1
15281 158 1
15282 202 1
15286 56 1
15291 351 1
15293 110 1
15296 110 1
15297 110 1
15299 92 1
15302 188 1
15307 157 1
15314 81 1
15315 66 1
15327 81 1
15331 166 1
15333 36 1
15336 194 1
15338 403 1
15341 125 1
15346 73 1
15357 135 1
15358 88 1
15360 85 1
15368 88 1
15370 362 1
15373 159 1
15376 108 1
15380 69 1
15382 111 1
15384 189 1
15385 131 1
15389 75 1
15392 56 1
15398 114 1
15412 163 1
15413 169 1
15417 226 1
15434 174 1
15435 57 1
15436 158 1
15444 107 1
15445 52 1
15450 67 1
15457 39 1
15463 62 1
15464 186 1
15470 134 1
15486 87 1
15490 75 1
15491 75 1
15492 72 1
15497 99 1
15500 150 1
15507 81 1
15511 62 1
15523 110 1
15524 130 1
15525 184 1
15536 78 1
15539 182 1
15543 77 1
15544 116 1
15557 100 1
15562 150 1
15563 66 1
15574 150 1
15577 60 1
15589 47 1
15596 139 1
15598 95 1
15606 87 1
15610 278 1
15611 100 1
20016 38 1
20064 34 1
20066 30 1
20067 73 1
20068 100 1
20069 100 1
20070 76 1
20071 59 1
20072 68 1
20073 132 1
20074 48 1
20075 47 1
20077 91 1
20078 26 1
20079 76 1
20080 105 1
20081 51 1
20082 115 1
10943 101 4
11046 74 4
11057 96 4
11064 81 4
11065 39 4
11066 61 4
11067 50 4
11068 120 4
11069 29 4
11070 79 4
11071 36 4
11072 75 4
11073 47 4
11074 48 4
11075 74 4
11076 40 4
11077 24 4
11078 84 4
11079 36 4
11080 38 4
11081 48 4
11082 168 4
11083 52 4
11084 38 4
11085 72 4
11086 87 4
11087 56 4
11088 35 4
11089 48 4
11090 96 4
11091 37 4
11092 120 4
11093 48 4
11094 120 4
11095 98 4
11096 48 4
11097 60 4
11098 24 4
11099 96 4
11100 72 4
11101 24 4
11102 120 4
11104 48 4
11105 48 4
11106 144 4
11107 88 4
11108 96 4
11109 24 4
11110 72 4
11111 85 4
11112 47 4
11113 55 4
11114 48 4
11115 60 4
11116 36 4
11117 50 4
11118 48 4
11119 50 4
11120 38 4
11121 89 4
11122 47 4
11126 48 4
11127 60 4
11128 24 4
11129 72 4
11130 48 4
11131 50 4
11132 64 4
11133 70 4
11134 64 4
11135 48 4
11136 72 4
11137 68 4
11138 75 4
11139 68 4
11140 60 4
11144 84 4
11145 93 4
11146 50 4
11147 49 4
11148 63 4
11149 96 4
11150 43 4
11151 107 4
11153 30 4
11156 36 4
11157 48 4
11158 42 4
11159 52 4
11160 65 4
11161 72 4
11162 48 4
11163 49 4
11165 48 4
11166 144 4
11167 50 4
11168 34 4
11172 31 4
11173 29 4
11175 144 4
11176 48 4
11177 46 4
11178 72 4
11179 55 4
11180 24 4
11181 50 4
11182 48 4
11183 48 4
11184 61 4
11185 48 4
11186 59 4
11187 49 4
11188 25 4
11190 48 4
11191 72 4
11192 48 4
11193 24 4
11195 146 4
11196 50 4
11197 47 4
11198 96 4
11199 48 4
11202 83 4
11205 48 4
11206 19 4
11207 44 4
11208 96 4
11209 27 4
11226 50 4
11227 120 4
11228 78 4
11230 65 4
11231 49 4
11232 41 4
11233 76 4
11234 72 4
11235 72 4
11237 65 4
11240 40 4
11241 72 4
11243 41 4
11254 92 4
11255 68 4
11256 48 4
11258 33 4
15017 54 4
15065 68 4
15068 248 4
15069 54 4
15089 77 4
15092 175 4
15129 116 4
15141 31 4
15149 66 4
15152 123 4
15168 20 4
15188 89 4
15193 497 4
15201 128 4
15205 90 4
15217 52 4
15231 93 4
15243 65 4
15263 94 4
15274 63 4
15280 58 4
15285 56 4
15310 96 4
15321 67 4
15339 97 4
15343 63 4
15345 84 4
15364 38 4
15374 57 4
15393 68 4
15420 70 4
15424 370 4
15439 78 4
15458 93 4
15462 108 4
15484 45 4
15496 85 4
15498 58 4
15501 147 4
15503 53 4
15506 20 4
15513 44 4
15521 92 4
15548 53 4
15549 57 4
15552 187 4
15553 59 4
15554 38 4
15564 47 4
15565 59 4
15567 30 4
15568 44 4
15569 83 4
15578 108 4
15586 63 4
15605 169 4
15607 80 4
15613 100 4
20083 47 4
20084 83 4
20086 61 4
20087 73 4
20089 81 4
20090 27 4
20091 48 4
20092 24 4
20094 58 4
20096 78 4
20098 59 4
08804 82 7
08870 52 7
08887 167 7
08927 78 7
08928 63 7
08937 152 7
08954 96 7
09044 286 7
09102 46 7
09218 131 7
09229 72 7
09243 49 7
09253 42 7
09321 370 7
09401 133 7
09443 85 7
09454 60 7
09482 87 7
09545 34 7
09685 178 7
09873 53 7
09896 193 7
09963 93 7
10044 48 7
10107 30 7
10133 76 7
10143 48 7
10151 48 7
10152 72 7
10158 48 7
10234 48 7
10447 167 7
10532 72 7
10845 96 7
15011 89 7
15096 50 7
15114 48 7
15120 193 7
15163 30 7
15204 102 7
15224 118 7
15323 93 7
15351 88 7
15418 40 7
15437 118 7
15488 58 7
15561 74 7
10766 164 8
10770 40 8
10775 51 8
10778 40 8
10783 48 8
10787 46 8
10790 69 8
10804 48 8
10808 84 8
10815 48 8
10816 57 8
10837 36 8
10851 138 8
10863 96 8
10865 263 8
10869 240 8
10882 101 8
10893 120 8
10896 96 8
10902 96 8
10904 96 8
10910 144 8
10913 216 8
10947 192 8
10951 120 8
10953 96 8
10961 168 8
10962 120 8
10991 96 8
11000 96 8
11008 262 8
11009 96 8
11014 96 8
11024 144 8
11059 107 8
11063 96 8
11123 48 8
11124 46 8
11142 40 8
11143 48 8
11152 61 8
11171 48 8
11203 61 8
11229 50 8
11238 91 8
11239 48 8
11245 50 8
11246 48 8
11249 86 8
15001 60 8
15003 53 8
15005 77 8
15006 67 8
15007 80 8
15008 60 8
15009 81 8
15010 87 8
15013 61 8
15014 111 8
15018 57 8
15022 166 8
15025 58 8
15027 81 8
15029 264 8
15031 55 8
15033 81 8
15034 109 8
15035 72 8
15036 99 8
15037 71 8
15042 74 8
15044 65 8
15046 51 8
15047 56 8
15049 58 8
15051 85 8
15053 66 8
15054 54 8
15056 100 8
15061 136 8
15066 38 8
15075 88 8
15077 127 8
15098 162 8
15100 45 8
15109 120 8
15132 88 8
15138 85 8
15144 148 8
15147 59 8
15148 115 8
15157 83 8
15158 169 8
15173 82 8
15180 53 8
15183 75 8
15184 63 8
15209 321 8
15211 88 8
15221 101 8
15222 66 8
15225 121 8
15226 103 8
15229 97 8
15230 37 8
15234 65 8
15246 51 8
15248 78 8
15249 71 8
15251 76 8
15259 22 8
15260 123 8
15262 190 8
15269 179 8
15273 119 8
15298 90 8
15301 68 8
15304 133 8
15305 69 8
15309 46 8
15311 85 8
15320 65 8
15322 217 8
15328 77 8
15337 94 8
15342 117 8
15344 173 8
15353 66 8
15363 54 8
15378 261 8
15379 60 8
15381 112 8
15390 69 8
15391 62 8
15402 60 8
15405 30 8
15411 52 8
15414 131 8
15415 75 8
15419 52 8
15425 113 8
15426 68 8
15428 49 8
15429 276 8
15430 149 8
15431 101 8
15433 76 8
15441 56 8
15451 50 8
15454 55 8
15477 162 8
15479 64 8
15481 51 8
15482 67 8
15483 86 8
15489 167 8
15502 88 8
15504 204 8
15509 59 8
15517 109 8
15520 139 8
15522 49 8
15530 103 8
15532 70 8
15533 74 8
15538 118 8
15542 49 8
15551 171 8
15560 502 8
15566 81 8
15575 66 8
15587 89 8
15591 136 8
15600 161 8
15603 116 8
15609 106 8
15612 60 8
20013 87 8
20017 121 8
20020 72 8
20061 37 8
20085 75 8
20088 45 8
09475 250 9
09486 139 9
09506 127 9
09526 140 9
09594 70 9
09689 106 9
09709 50 9
09756 62 9
09835 85 9
09887 167 9
09904 74 9
09917 199 9
10218 58 9
10462 69 9
10848 96 9
10862 168 9
10894 135 9
10898 128 9
10900 144 9
10919 96 9
10989 99 9
11002 96 9
11035 136 9
11040 111 9
11045 190 9
11058 110 9
11141 144 9
15015 68 9
15032 106 9
15039 126 9
15110 130 9
15151 91 9
15155 53 9
15191 93 9
15238 80 9
15245 81 9
15292 34 9
15295 65 9
15329 58 9
15347 54 9
15355 43 9
15403 90 9
15423 54 9
15440 101 9
15465 165 9
15495 65 9
15518 106 9
15559 67 9
15582 118 9
15595 105 9
20018 91 9
20021 25 9
09817 109 10
09852 247 10
09905 284 10
10001 325 10
10436 144 10
10529 72 10
10531 101 10
10881 96 10
10950 144 10
10954 114 10
10985 118 10
11007 97 10
11155 107 10
15002 99 10
15038 53 10
15040 200 10
15048 77 10
15052 158 10
15062 157 10
15104 85 10
15143 76 10
15206 86 10
15253 196 10
15303 120 10
15348 74 10
15404 78 10
15432 75 10
15455 65 10
15459 97 10
15460 35 10
15467 290 10
15519 37 10
15528 54 10
15540 79 10
15581 102 10
20009 47 10
